0000000000000000000000
0000000000000000000000
0000000000000000000000
0000000000000000000000
0000000000000000000000
0000000000000000000000
0000000010000000010000
0000000000000000000000
0000000000000000000000
0000000000000000000000
0101101001001001000110
0000000000000000000000
0000000000000000000000
0000000000000000000000
0000000000000000000000
0000000000000000000000
0110100100000000000100
0111101110000000000101
0001100001011000001010
1111111101101101111111
0000000000000000000000
0000000000000000000000
0000000000000000000000
0010001000000000010100
0000000000000000000000
1111100101111111101111
1101111110011101011111
0101001000000000000000
1101101011001011111000
0000000000000000000000
0000000000000000000000
0000000000000000000000
0000000000000000000000
0000000000000000000000
0000000000000000000000
1111111111111111111111
0000000000000000000000
0000000000000000000000
1011100011111011011010
0100100000000000000000
1110101011101110001111
0000000000000000000000
1000001001000000000000
0000000000000000000000
0000000000000000000000
0000000000000000000000
0000000000000000000000
0000000000000000000000
0000000000000000000000
0000000000000000000000
0000000000000000000000
0000000000000000000000
0000000000000000000000
0000000000000000000000
0000000000000000000000
0000000000000000000000
0001001011000000000000
0100101011000000010000
0000000000000000000000
0000000000000000000000
0000000000000000000000
0000000000000000000000
0000010100000100010001
0000000000000000000000
0000000000000000000000
0000000000000000000000
0000000000000000000000
0000000010000000010000
0000000010000000010000
0111100011010011110000
0000000000000000000000
0000000000000000000000
0110101111000100010100
0000000000000000000000
0000000000000000000000
0000000000000000000000
0101100101110111101011
0000000000000000000000
0000000000000000000000
0000000000000000000001
0000000000000000000000
0000000000000000000000
0000000000000000000000
1111001010000000010100
0000000000000000000000
0000000000000000000000
0000000000000000000000
0000000000000000000000
0000000000000000000000
0000000000000000000000
0000000000000000000000
0100000000000000000000
1101101011000001001101
0000000000000000000000
0000000000000000000000
1110101101000111110001
0000000000000000000000
0000000000000000100000
0100000000000000000000
0000000000000000000000
0000000000000000000000
0000000000000000000000
0000000000000000000000
0000000000000000000000
0000000000000000000000
0000000000000000000000
0000000000000000000000
0000000000000000000000
0000000001000000000000
0000000000000000000000
0000000000000000000000
0000000000000000000000
0000000000000000000000
0000000000000000001000
1101111111011101111011
0000000000000000000000
0000000000000000000000
0000000000000000000000
0100000000000000000000
0000000000000000000000
0000000000000000000000
1000000000010000000000
0000000000000000000000
1111111011000000010100
0000000000000000000000
0000000000000000000000
0000000000000000000000
0000000000000000000000
0000000000000000000000
0001110010000000000000
0000000000000000000000
0000000000000000000000
0000000000000000000000
0000000000000000000000
0000000000000000000000
0000000000000000000000
0000000000000000000000
0000000010000000000000
0000000000000000000000
0000100000000001000000
0111100010010000001101
0111101001000000001100
0111101111001101000101
0000000000000000000000
0000000000000000000000
0000000000000000000000
0000000000000000000000
0000000000000000000000
0000000000000000000000
0000000000000000000000
0000001000000000000110
0000000000000000000000
0000000000000000000000
0000000000000000000000
0000000000000000000000
0110100011000100000000
0111101001001100000000
0000000000000000000000
0000000000000000000000
0000000000000000000000
0000000000000000000000
0000000000000000000000
0000000000000000000000
0000000000000000000000
0000000000000000000000
0000000000000000000000
0100000000000000000000
0000000000000000000000
0000000000000000000000
0000000000000000000000
0000000000000000000000
0000000000000000000000
0000000000000000000000
0000000000000000000000
0000000000000000000000
0000000000000000000000
0000001000001000000000
0000000000000000000000
0000000000000000000000
0000000000000000000000
0101101011111001010010
0000000000000000000000
0000000000000000000000
1101100111111111100111
0000000000000000000000
0000000000000000000000
0000000000000000000000
0000000000000000000000
0000000000000000000000
0000000000000000000000
0000000000000000000000
0001000000100001001000
0000000000000000000000
1001100011111111000010
0000000000000100000000
0000000000000000000000
0000000000000000000000
0000000000000000000000
0000000000000000000000
0000000000000000000000
0000000000000000000000
0011000111000000000000
0000000000000000000000
0000000000000000000000
0000000000000000000000
0000000000000000000000
0000000000000000010000
0000000000000000010000
0000000000000000000000
0000010100000101110001
0000000000000000000000
0000000000000000000000
0000000000000000000000
0000000000000000000000
0000000000000000000000
0101101011001001001100
0000000000000000000000
0000000000000000000000
0000000000000000000000
0000000000000000000000
0001000000000000000000
1111001010000000000100
0000000000000000000000
0000000000000000000000
0000000001000000000000
0000000000000000000000
0000000000000000000000
0000000000000000000000
0000000000000000001000
0000000000000000000001
1101100100111111111111
0000000000000000000000
0000000000000000000000
0000000000000000000000
0000100011000000000000
0000000000000000000000
0000000000000000000000
0000000000000000000000
0100000001000000000000
1111110111001101111111
0000000000000000000000
0000000000000000000000
0000000000000000000000
0000000000000000000000
0000000000000000000000
0000000001000000000000
0000000000000000000000
0000000000000000000000
0000000000000000000000
1111101010000001000100
0000000000000000000000
0000000000000000000000
0000000000000000000000
0000000000000000000000
0000000000000000000000
0000000000000000000000
1111111111111111111111
0000000000000000000000
0000000000000000000000
0000000000000000000000
1101000010111011000101
0000000000000000000000
0000000000000000000000
0000000000000000000000
0000000000000000000000
0011000001000000000000
1111111001111011001111
0000000000000000000000
0000000000000000000000
0000000000000000000000
0000000000000000000000
0000000000000000000000
0000000000000000000000
0000000000000000000000
0000000000000000000000
0000000000000000000000
0000000000000000000000
0000000000000000000000
0000000000000000000000
0000000000000000000000
0000100000010000000000
0000000000000000000000
1111111111101111111111
0000000000000000000000
0000000000000000000000
0001100000000001000000
1111100011000000001000
0000000000000000000000
0000000000000000000000
0000000000000000000000
0000000000000000000000
0110100011000000010000
0100100001010000000000
0010100000000000000000
0000000000000000000000
1000000000000000000000
0000000000000000000000
0000000000000000000000
0000000000000000000000
0000000000000000000000
0101001001001001001000
0001001001000001000000
0000000000000000000000
0000000000000000000000
0000000000000000000000
0000000000000000000000
0000000000000000000000
0000000000000000000000
0000100000000000000000
0000000000000000000000
0000000000000000000000
0000000000000000000000
0011000001000000000000
0000001101000000001101
0000100000000000000000
0000000000000000000000
0000000000000000000000
0000000000000000000000
0000000000000000000000
0000000000000000000000
0000000000000000000000
0000000000000000000000
0000000000000000000000
0111101001000000000000
0000000000000000000000
0000000000000001000000
0000000000000000000000
0000000000000000000000
0000000000000000000000
0000000000000000000000
0000001000000000000000
0000000000000000000000
1111111100001011011111
0000000000000000010100
0000000001000000000000
0000000000000000000000
0000000000000000000000
0000000000000000000000
0000000000000000000000
0000000000000000000000
1111101111111111111111
0000000000000000000000
0000000000000000000000
0000000000000000000000
0100000000001000100000
0000000000000000000000
0110101010001001011101
1111111111110101100101
0000000000000000000000
0000000000000000000000
0000000000000000000000
0000000000000000000000
1000000001000001000000
0000000000000000000000
0000000000000000000000
0000000000000000000000
0000000000000000000000
0000000000000000000000
0000000000000000000000
0000000000000000000000
0000000000000000000000
1000000000010000000000
0000000000000000000000
0000000000000000000000
0000000000000000000000
0000000000000000000000
0000000000000000000000
0000000000000000000000
0000000000000000000000
0000000000000000000000
0000000000000000000000
0000000000000000000000
0001100001111011001010
0000000000000000000000
0100100000000000000000
1111100011000001000101
0101100011000001001101
0101101111010100001000
0000000000000000000000
0000000000000000000000
0000000000000000000000
0000000000000000000000
0000000000000000000000
0000000000000000000000
0000000000000000000000
0000000000000000000000
0101100011000001000000
0000000000100000000000
0000000000000000000000
0000000000000000000000
0000000000000000000000
0000000000000000000000
0000000000000000000000
0000000000000000000000
0000000000000000000000
0000000000000000000000
0000000000000000000000
0100000000000000000000
0000000000000000000000
0000000000000000000000
0000000000000000000000
0000000001000000000000
0000000000000000000000
0000000000000000000000
0000000001000000000000
0000000000000000000000
0000000000000000000000
0000000000000000000000
0000000000000000000000
0000000000000000000000
0000000000000000000000
0000000000000000000000
0000000000000000000000
1011111110011001011111
0000100000000000000000
0000000000000000000000
0000000000000000000000
0000000000000000000000
0000000000000000000000
0000000000000000000000
0000000000000000000000
0000000000000000000000
0010000001000000000000
0000000000000000000000
0000000000000000000000
0000000000000000000000
1110100011000010000000
0000000000000000000000
0000000000000000000000
0000000000000000000000
0101000010000000000000
0000000000000000000000
0000000000000000000000
0000000000000000000000
0000000000000000000000
0100000000101000000000
0000000000000000000000
0001000000000001000000
0000000000000000000001
0001100000000000000000
0110101011011111011111
0000000001000000000000
0000100000000000000000
0000000000000000000000
0111100000000000001100
0000000000000000000000
1111111111111111111111
0000000000000000000000
0000000000000000000000
0000000000000000000000
0000000000000000000000
0000000000000000000000
0000000000000000000000
0000000000000000000000
0000000000000000000000
0000000000000000000000
0000000000000000000000
0000000000000000000000
0000000000000000000000
0000000000000000000000
0000000000000000000000
0000000000000000000000
0000000000000000000000
0000000000000000000000
0000000000000000000000
0000000000000000000000
0000000000000000001000
0000000000000000000000
0000000000000000000000
0000000000000000000000
0000000000000000000000
0000000000000000000000
0000000000000000000000
0000000000000100000000
0000000000000000000000
0100000000000000000110
1111110101111111111111
0000000000000000000000
0000000000000000000000
0000000000000000000000
0000000000000000000000
0000000000000000000000
0000000001000000001000
0000000000000000000000
0000000000000000000000
0111101001000000000100
0000000000000000000000
0000000000000000000000
0101001011100000000000
0000000000000000000000
0000000000000000000000
0000000000000000000000
0000000000000000000000
1101101111111110111111
0000000000000000000000
0000000000000000000000
0000000000000000010000
0000000000000000000000
0000000000000000000000
0000000000000000000000
0000000000000000000000
0000000000000000000000
0000000000000000000000
0000000000000000000000
0000000000000000000000
0000000000000000000000
0000000000000000000000
0000000000000000000000
0000000000000000000000
1101101011001001000000
0000000000000000000000
0000000000000000000000
0111100001000001000000
0111101111001101001001
0000000000000000000000
0000000000000000000000
0000000000000000000000
0000000000000000000000
0000000000000000000000
0000000000000000000000
0001000000000000000000
1001000000000000010000
0000000000000000000000
0000000000000000000000
1110111111111111111111
0000000000000000000000
0100000000000000000000
0011000000000010000000
0000000010000000010000
0000000000000000000000
0000000000000000000000
0000000000000000000000
0000000000000000000000
0000000000000000000000
0000000000000000000000
0000000000000000000000
0000000000000000000000
0000000000000000000000
0000000000000000000000
0000000000000000000000
0000000000000000000000
0000000000000000000000
0000000000000000000000
1110001110011110001011
0000000000000000000000
0000000000000000000000
0001000000000000000000
0000000000000000000000
0100100000000000000000
0000000000000000000000
0000000000000000000000
0101000010000100010000
0000000000000000000000
0000000000000000000000
0000000000000000000000
0000000000000000000000
0000000000000000000000
0000000000000000000000
0000000000000000000000
0001000000000000000000
0000000000000000000000
1001101001001000001100
1111111111111111101111
1000000000000000000000
0000000000000000000000
0101101101001100000001
0000000000000000000000
0100000000000000000000
1001001010001001011100
0000000000000000000000
0000000000000000000000
0000000000000000000000
0000000000000000000000
0001000000000000000000
0000000000000000000000
0000000000000000000000
0000000000000000000000
0000000000000000000000
0101100001101001000101
0000000000000000000000
0100110011111011000010
0000000000000000000000
0000000000000000000000
0000000000000000000000
0000000000000000000000
0111101011001101000101
0000000000000000000000
0000000000000000000000
0000000000000000000000
0000000000000000000000
0000000000000000000000
0000000000000000000000
0000000000000000000000
0000000000000000000000
0000000000000000000000
0111001001000001000000
0000000000000000000000
0000000000000000000000
0000000000000000000000
0000000000100000000000
0000000000000000000000
0000000000000000000000
0000000000000000000000
0001001000000001000000
0000000000000000000000
0000000000000000000000
0000000000000000000000
0000000000000000000000
0000000000000000000000
0000000000000000000000
0000000000000000000000
0000000000000000000000
0000000000000000000000
0000000000000000000000
0100000001000000000000
0000000000000000000000
0000000000001000000000
0111000001001010001000
0000100001111010001010
0000000000000000000000
0000000000000000000000
0000000001000000000000
0000000000000000000000
0000000000000000000000
0000000000000000000000
0000000000000000000000
0000000000000000000000
0000000000000000000000
0000100001000001000000
0000000000000000000000
0000000000000000000000
0000000000000000000000
0000000000000001000000
0000000000000000000000
0000000000000000000000
0000000000000000000000
0000001010000000000000
0101101010000011010101
0000000000000000000000
0000000000000000000000
0000000000000000000000
0000000000000000000000
0000000000000000000000
0000000000000000000000
0000000000000000000000
0111101101100001000000
0000000001000000000000
0000000000000000000000
0000000000000000000000
0001000000000000000000
0000010000000000000000
0000000000000000000001
0000000000000000000000
0000000000000000000000
0001100011101101000000
0000000000000000000000
0000000000000000000000
0000000000000000000000
1100000000010000000000
0000000000000000000000
0000000000000000000001
0100000001000000000000
0000000000000000000000
0000000000000000000000
0000000000000000000000
0000000001000000000000
0000000000000000000000
0000000000000000000000
0000000000000000000000
0000000000000000000000
0000000000000000000000
0000000000000000000000
0001000000000001000000
0000000000000000000000
0000000000000000000000
0000000000000000000000
0000000000000000000000
0000000000000000000000
0000000000000000000000
0000000000000000000000
0000000000000000000000
0000000000000000000000
0111001100001100001111
0101100111000100000000
0000010100000101110101
0000000000000000000000
0000000000000000000000
0000000000000000000000
0000000000000000000000
0000000000000000000000
0000100000000000000000
0000000000000000000001
0000000000000000000000
0000000000000000000000
0000000000000000000000
0000000000000000000000
0000000000000000000000
0000000000000000000000
0100101001000000000001
0011101001000000000000
0000000000000000000000
0000000000000000000000
0000000000000000000000
0000000000000000000000
0000000000000000000000
0000000000000000000000
1000000000000000000000
0000000000000000000000
1111111111011111011111
0000000000000000000000
0000000000000000000000
0000000001000010000000
0000000000000000000000
0000000000000000000000
0000000000000000000000
0000000000000000000000
0000000001000000000000
0000000000000000000000
0000000000000000000000
0000000000000000000000
0000000000000000000000
0000000000000000000000
0000000000000000000000
0001001000000001000000
0000000000000000000000
0000000000000000000000
0100100011001000000110
0000000000000000000000
0000000000000000000000
0000000000000000000000
0000000000000000000000
0000000000000000000000
0000000000000000000000
0000000000000000000000
0000000000000000000000
0000000000000000000000
0000000000000000000000
0000000000000000000000
0000000000000000000000
0000000000000000000000
0000000000000000000000
0000000000000000000000
0000000000000000000000
0000000000000000000000
0000000000000000000000
0000000010000000000000
0000000000000000000000
0000000000000000000000
0000000000000000000000
0000000000000000000000
0000000000000000000000
1000000000000000000000
0000000000000000000000
0000000000000000000000
0100100000000000000100
0000000000000000000000
0000000000000000000000
0000000000000000000000
0001000011001000010000
0000000000000000000000
0000000000000000000000
0000000000000000000000
0000000000000000000000
0000000000000000000000
0000000000000000000000
0000000000000000000000
0001000000000001000000
0000000000000000000000
0000000000000000000000
0000000000000000000000
0000000000000000000000
0000000000000000000000
0011101001000011000000
1000100000000000000000
0000000000000000000000
0000000000000000000000
0000000000000000000000
0000000000000000000000
0000000000000000000000
0000000000000000000000
0000000000000000000000
0000000000000000000000
1000000000010000000000
0000000000000000000000
0000000000000000000000
1111111111111111101111
0000000000000000000000
0000000000000000000000
0000000001000000000000
0000000000000000000000
0000000000000000000000
0000000000000000000000
0000000000000000000000
0000000000000000000000
0000000000000000000000
0000000000000000000000
1001001000000001000000
0000000000000000000000
0100100000000000000000
0000000000000000000000
0000000000000000000000
0000000000000000000000
0000000000000000000000
0000000000000000000000
0000000000000000000000
0000000000000000000000
0000000000000000000000
0000000000000000000000
0000000000000000000000
0000000000000000000000
0000000000000010000000
0000000000000000000000
0000000000000000000000
0000000000000000000000
0100000000000000000000
0000000000000000000000
0000000000001000000000
0000000000000000000000
0000000000000000000000
0000000000000000000000
0010000000000000000000
0000000000000000000000
0000000000000000000000
0000000000000000000000
0000000000000000000000
0000000000000000000000
0000000000000000000000
0000000000000000000000
0000000000000000000000
1100100000000000000000
0000000000000000000000
0101010101101001010011
0000000000000000000000
0000000000000000000000
0000000000000000000000
0000000000000000000000
0000000000000000000000
0001000000000001000000
1001100100000011000000
0000000000000000000000
0000000000000000000000
0000000000000000000000
0000000000000000000000
0000000000000000000000
1111111110111110111111
0000000000000000000000
0000000001000000000000
0000000000000000000000
0000000000000000000000
0000000000000000000000
0000000000000000000000
0100100000000000000000
0000000000000000000000
0000000000000000000000
0000000000000000000000
0000000000000000000000
0000000000000000000000
1000000000000000000000
0000000000000000000000
0000000000000000010000
0000000000000000000000
0000000000000000000000
0101100001000001000000
0000000000000000000000
0000000000000000000000
0100000000000000000000
0000000000000000000000
0000000000000000000000
0000100000000000000000
0000000000000000000000
0000000000000000000000
0000000000000000000000
0000000000000000000000
0000000000000000000000
0000000000000000000000
1011100001000000000100
0100000000000000000100
0000000000000000000001
0000000000000000000000
0000000000000000000000
0000000000000000000000
0000000000000000000000
0000000000000000000000
0000000000000000000000
0000000000000000000000
0000000000000000000000
0000000000000000000000
0000000000000000000000
0000000000000000000000
0000000000000000000000
0000000010000000010000
0100000010001000010000
0000000000000000000000
1000000000010000000000
0000000000000000000000
0000000000000000000000
0000000000000000000000
0000000000000000000000
0000010000000000000000
0000000000000000000000
0000000000000000000000
0000000000000000000000
0000000000000000000000
0000000000000000000000
0000000000000000000000
0000000000000000000000
0000000000000000000000
0000000000000000000000
0000000000000000000000
0000000000000000000000
0000000000000000000000
0000000000000000000000
0000000000000000000000
0100000000001000100000
0000000000000000010000
0000000000000000000000
0000000000000000000000
0000000000000000000000
0000000000000000000000
0000000000000000000000
1100100100100100001000
0000000000000000000000
0000000000000000000000
0000000000000000000000
0000000000000000000000
0001000011000000010000
0000000000000000000000
1000000000000000000000
1111101011100000000100
0000000000000000000000
0000000000000000000000
0000010100000101110001
1001000000000000100000
0000000000000000000000
0000000000000000000000
0000000000000000000000
1000000000000000000000
0000000000000000000000
0000000000000000000000
0000000000000000000000
0000000000000000000000
0000000000000000000000
0000000000000000010000
0000000011000000010000
0110000000000001000100
1111101111101111001111
0000000000000000000000
0000000000000000000000
0000000000000000000000
0000000000000000000000
0000000000000000000000
0000000000000000010000
0000000000000000010000
0000000000000000000000
0000000000000000000000
0000000000000000000000
0000000000000000000000
0000000000000000000000
0000000000000000000000
0000000000000000000000
0000000000000000000000
0000000000000000000000
0000000000000000000000
0000000000000000000000
0000000000000000000000
0000000000000000000000
0000000000000000000000
0000000000000000000000
0000000000000000000000
0000000000000000000000
0000000000000000000000
0000000000000000000000
0000000000000000000000
0000000000000000000000
0000000000000000000000
0000000000000000000000
0000000000000000000000
0000000000000000000000
0000000000000000000000
0000000000000000000000
0000000000000000000000
0000000000000001000000
0000000000000000000000
0000000000000000000000
1100000001000000000000
0000000000000000000000
0000000000000000000000
0000000000000000000000
0001000000000000000000
0000000000000000000000
1110101011101000001111
0000000000000000000000
0000000000000000000000
1101010000000000000000
0000000000000000000000
0000000000000000000000
0000000000000000000000
0000000000000000000000
0000000000000000000000
0000000000000000000000
1111101111111111011111
0000000000000000000000
0000000000000000000000
0000010010000000000000
0000000000000000000000
0101100001001001000000
0000000000000000000000
0000000000000000000000
0000000000000000000000
0000000000000000000000
0000000000000000000000
0001000000000001000000
0100000000000000000000
0101000001000001000000
0100000101000000000001
0111101001000101000000
0000000000000000000000
0000000000000000000000
0000000000000000000000
0000000000000000000000
0000000000000000000000
0000000000000000000000
0000000000000000000000
1111001001000000000100
1000000000010000000000
0000000000000000000000
0000100000000000000000
0000000000000000000000
0000100001101010001010
0000000000000000000000
1111101111111101111111
0000000000000000000000
0100000000000000000110
0000000000000000000000
0101101001000001000000
0000000000000000000000
0000000000000000000000
0000000000000000000000
0000000000000000000000
0000000000000000000000
0000000000000000000000
0000000000000000000000
0000000000000000000000
0000000000000000000001
0000000001001000000000
0000000000000000000000
0000000001000000000000
0000000001000000000000
0000000000000000000000
0000000000000000000000
0000000000000000000000
0000000000000000000000
0000000000000000000000
0000000000000000000000
0000000000000000000000
1000100100011101110111
0000000000000000000000
0000000000000000000000
0000000000000000000000
0000000000000000000000
0000100000000001000000
0000000000000000000000
0000000000000000000000
0000000000000000000000
0000000000000000000000
0000000000000000000000
0000000000000000000000
0000000000000000000000
0001000000000001000000
0000000000000000000000
0000000000000000000000
0000000000000000000000
0000000000000000000000
0000000000000000000000
0000000000000000000000
0000000000000000000000
0000000000000000000000
0000000000000000000000
0000000000000000000000
1101101111000001000000
0000000000000000000000
0000000001000000000000
0000000000000000000000
0000000000000000000000
0000000000000000000000
0000000000000000000000
0111101011001000001000
0000000000000000000000
0000000000000000000000
0000000000000000000000
1111100010100000000000
0111001101001100000000
0000000000000000000000
0000000100000110000001
0000000000000000000000
0000000000000000000000
0000000000000000000000
0000000000000000000000
0000000000000000000000
0000000000000000000000
0000000000000000000000
0000000000000000000000
0000000000000000000000
0000000000000000000000
0000000000000000000000
0101100000000001000000
0000000000000010000000
0000000000000000000000
0000000000000000000000
0000000000000000000000
0000000000000000000000
0000000000000000000000
1101101111111111111100
0000000000000000000000
0000000000000000000000
0000000000000000000000
0000000000000000000000
0000000000000000000000
0000000000000000000000
0000000000000000000000
0111101111001101000001
0000000000000000000000
1101000000010000000100
0000000000000000000000
0000000000000000000000
0000000000000000000000
0000000000000000000000
0000000000000000000000
0000000000000100000001
0000000000000000000000
0000000000000000000000
0000000000000000000000
0000000000000000000000
0000000000000000000000
0000000000000000000000
0000000000000000000000
0000000000000000000000
0000100000010000000000
0010000000000000000000
0000000000000000000000
0000000000000000000000
0000010000000000000000
1001000001010000000000
0010100001000000000100
0000000000000000000000
0000000000000000000000
0000000000000000000110
0000000000000000000000
0100000000000000000000
0000000000000000000000
1111110111111001000101
0000010100000101110101
0001000000100001000000
0000000000000000000000
0000000000000000000000
0100000001000001000000
0000000000000000000000
0000000000000000000000
0001001001000001001000
0000000000000000000000
0000000000000000000000
0000000000000000000000
0000000000000000000000
0000000000000000000000
0000000000000000000000
0000000000000000000000
1101101011011001111110
0000000000000000000000
0110000000000000000000
0000000000000000000000
0000000000000000000000
0000000000000000000000
1111101111111111111111
0000000000000000000000
0000000000000000000000
0001000010000010000000
0000000000000000000000
0100000000000000000000
0010000001000000000000
0011100001000000000000
0100110011000000001000
0000000000000000000000
0000000000000000000000
0000000000000000000000
0000000000000000000000
0000000000000000000000
1111101111111111110111
0000000000000000000000
0000000000000000000000
0000000000000000000000
0000000000000000000000
0011001001000100000000
0000000000000000000000
0000000000010000000000
0000000000000000000000
0000000000000000000000
0000000000000000000000
0000000000000000000000
0000000000000000000000
0000000000000000000000
1111111011111111110111
0000000000000000000000
0000001000000000000000
0000000000000000000000
0000000000000000000000
0000000000000000000000
0000000000000000000000
0000000000000000000000
0000000000000000000000
0001000000000000000000
0000000000000000000000
0000000000000000000000
0000000000000000000000
0000000000000000000000
0000000000000010000000
0000000000000000000000
0000000000000000000000
0000000000000000000000
0000000000000000000000
0100000000000000000000
0000000000000000000000
1111111111111111111111
0000000000000000000000
0000000000001000000000
0000000000000000000000
0000000000000000000000
0000000000000000000000
0000000000000000000000
1111111011110110000110
0000000000000000000000
0000110000010011000000
0000000000000000000000
0000000000000000000000
0000000000000000000000
0000000000000000000000
0000000000000000000110
0000000000000000000000
0000000000000000000000
0000000000000000000000
0000000000000000000000
0111111111111111011111
0000000000000000000000
0000000000000000000000
0000000000000000000000
0000000000000000000000
0000000000000000000000
0000000000000000000000
0000000000000000000000
0000000000000000000000
0000000001000000000001
0000000010000000000000
0000000000000000000000
0000000000000000000000
0000000000000000000000
0000000000000000000000
0000000000000000000000
0000000000000000000000
0000000000000000000000
0000000000000000000000
0000000000000000000000
0000000000000000000000
0000000000000000000000
0000000000000000000000
0001101111001000000000
0000000000000000000000
0111001101001100000000
1011111011000010010000
0000000000000000000000
0000000000000000000000
0000000000000000010000
1111101111101111111011
0000000000000000000000
0000000000000000000000
0000000000000000000000
0000000000000000000000
0000000000000000010000
0110100011110001001100
0000000000000001000000
0000000000000000000001
0000100001000000000000
1100110101110011111001
0000000000000000000000
0000000000000000000000
0000000000000000000000
0000000000000100000001
0000000000000000000000
0000000000000000000000
0000000000000000000000
0100100001000000100000
0100000000000000000000
0000000000000000000000
0000000000000000000000
1111101011111000011110
0000000001000000000000
0000100000001000001000
0000000000000000000000
0000000000000000000000
0000000000000000000000
0000000000000000000000
0000000000000000000000
1101100000000000000000
0000000000000000000000
0000100000000000000000
0000000000000000000000
0101001001000011000100
0000000000000000000000
0000000000000000000000
0000000000000000000000
0010000000000000000000
0000000000000000000000
0000000000000000000000
0111010101110111111111
0000000000000000000000
0000000000000000000000
0000000000000000000000
0000000000000000001000
0000000000000000000000
0000000000000000000000
0100100011000001010000
1111111111111111111111
0000000000000000000000
0000000000000000000000
0000000000000000000000
0000000000000000000000
0000000000000000000000
0000100001000000000000
0000000000000000000000
0000000000000000000000
0000000000000000000000
0000010100000101110001
0000000000000000000000
0000000000000000000000
0000000000000000000100
0000000000000000000000
0000000000000000000000
0000000000000000000000
0000000000000000000000
0000000000000000000000
0000000000000000000000
0000000000000000000000
0100000000000000000000
0000000000000000000000
0000000000000000000000
0000000000000000000000
0000000000000100000000
0001010111010111101010
0000000000000000000000
0111101001000010000000
0000000000000000000000
0000000000000000000000
1101111101101011011101
0000000000000000000000
1111111101111111111111
0000000000000000000000
0000000000000000000000
0110100001000000000000
0000000001000100000001
0000000000000000000000
0000000000000000000000
0000000000000000000000
0000000000000000000000
0000000000000000000000
0000000000000000000000
0000000000000000000000
0101101000000000000000
0000000000000000000000
0000000000000000000000
0000000000000000000000
0000000000000000000000
0000000000000000000000
0000000000000000000000
0000000000000000000000
0000000000000000000000
0000000000000000000000
0000000000000000000000
0000000000000000000000
0000000000000000000000
0000000000000000000000
0000000001000000000000
0000000000000000000000
0000000000000000000000
0000000000000000000000
0000000000000000000000
0000000000000000000000
0101100101111111001111
0000000000000000000000
0101100000000000000000
0000000000000000000000
0000000000000000000000
0000000000000000000000
0001000001000001000000
0100000000000000000000
0000000000000000000000
0000000000000000000000
0000000000000000000000
0001000000000000000000
0001000000000000000000
0000000000000000000000
0001100000000001000001
0000000000000000000000
0000000000000000000000
0000000000000000000000
0000000000000000000000
0000000000000000000000
0000000000000000000000
0001000000000001000000
0000010000000000000000
0000000000000000000000
0000000000000000000000
0000000000000000000000
0000000000000000000000
0000000000000000010000
0000000000000000000000
0000000000000000000000
0000000000000000000000
0000000000000000000000
1110100010000000000000
0000000000000000000000
0010100000000000000000
0000000000000000000000
0000000000000000000000
0000000000000000000000
0000000000000000000000
0000000000000000000000
0000000000000000000000
0000000000000000000000
1111110111011111111111
0000000000000000000000
0000000000000000000000
0000000000000000000000
0000000000000000000000
0000000000000000000000
0000000000000000000000
0000000000000000000000
0000100000000000000001
0001000000000000000000
0000000000000000000000
0001000000000000000000
0000000000000000000000
0000000000000000000000
0100000000001000000110
0000000000000000000000
0000000000000000000000
0000000000000000000000
0000000000000000000000
0000000000000000000000
0000000000000000000000
0000000000000000000000
0000000000000000000000
0000000000000000000000
0000000000000000000000
0000000000000000000000
0000100001000000000000
0000000000000000000000
0000000000000000000000
0000000000000000000000
0000000000000000000000
0000000000000000000000
0000000000000000000000
0000000000000000000000
0000000000000000000000
0000000000000000000000
0000000000000000000000
0000000000000000000000
0000010100000101110001
0000000000000000000000
0100000000000000000000
0111100000000100000001
0000000000000000000000
0000000000000000000000
0000000000000000000110
0000000000000000000110
1111111011111111111111
0000000000000000000000
0000000000000000000000
0000000000000000000000
0000000000000000000000
0000000000000000000000
0000000000000000000000
1000000000010000000000
1111111011111110111111
0000000000000000000000
0000000000000000000000
0000000000000000000000
0001000001000000000000
0000000000000000000000
0000000001000000000000
0000000000100000000000
0000000000000000000000
0000000000000000000000
0000000000000001000000
0000000000000000000000
0000000000000000000000
0000000000000000000000
0000000000000000000000
0000000000000000000000
0000000000000000000000
0000000000000000000000
0000000000000000000000
0100100000000001000000
0001000000000001000000
0000000001000000000000
0000000000000000000000
0000000000000000000000
0001001111000001001000
0000000000000000000000
0000000000000000000000
0001000000000000000000
0000001000000000000000
0000000000000000000000
0000000000000000000000
0000000000000000000000
0000000000000000000000
0000000000000000000000
0000000000000000000000
0000000000000000000000
0000000000000000000000
0000000000000000000000
1111111011110111111111
0000001000000000000000
0000000000000000000000
0010000001000000000000
0100000000000000000110
1111110110110111111111
0000000000000000000000
0000000000000000000000
0000000000000000000000
0000000000000000000000
0000000000000000000000
0000000000000000000000
0000100000000000000000
0000000000000000000000
0100000000000000000000
0000000000000000000000
0000000000000000000000
0000000000000000000000
0000000000000000000000
0000000000000000000000
0000000000000000000000
0000000000000000000000
0000000000000000000000
0000000000000000000000
0000000000000000000000
0000000000000000000000
0000000000000000000000
0000000000000000000000
0000000000000000000000
0000000000000000000000
1111111111111111111111
1000100000000000000000
0000000000000000000000
0000000000000000000000
0000000000000000000000
0000000000000000000000
0000000000000000000000
0000000000000000000000
0000000000000000000000
0000000000000000000000
0000000000000000000000
0000000000000000000000
0001000001010010000000
0000000000000000000000
0000000000000000000000
0000100000000010000000
0101000000001000000000
0000000000000000000000
0000000000000000000000
0000000000000000000000
0000000000000000000000
1111111111111111111111
0000000000000000000000
0000000000000000000000
0000000001000000000000
0000000000000000000000
0000000001000000000000
0000000000000000000000
0000000001000000000000
0000000000000000000000
0000000000000000000000
0000000000000000000110
0010100000000000000000
0000000000000000000000
0000000010000000000000
0000000000000000000000
0000000000000000000000
0000000000000000000000
0100000000000000000000
0000000000000000000000
0000000000000000000000
0000000000000000000000
0000000000000000000000
0000000000000000000000
0000000000000000000000
1111101111111111111111
0000000000000000000000
0000000000000000000000
1111110011110111010101
1111101101011101111111
0001000000000001000000
0000000000000000000000
0000000000000000000000
0000000000000000000000
0000000000000000000000
0000000000000000000000
0000000000000001000000
0000000000000000000000
0000000000000000000000
0000000000000000000000
0000000000000000000000
0000000000000000000000
0000000000000000000000
0000000000000000000000
0000000000000000000110
0000000000000000000000
0000000000000000000000
0000000000000000000000
0001101000111011101001
0000000000000000000110
0000000000000000000000
0000000000000000000000
0000000000000000000000
0000000001000000000000
0000000000000000000000
0000000000000000000000
0100000000000000000000
0000000000000000000000
0000000000000000000000
0000000000000000000000
0000100000000001000000
0000000000000000000000
0000000000000000000000
0000000000000000000000
0000000000000000000000
0000000000000000000000
0000000000000000000000
0001000000000000010000
1111111111011001011111
0000000000000000000000
0000000000000000000000
0000001000000000000110
0001000001000000000000
0000000000000000000000
0000000000000000000000
0000000000000010000000
0001000000000000000000
0000000000000000000000
0000000000000000000001
0000000000000000000000
0000000001000100000000
1111101011011000010100
0000000000000000000000
0000000000000000000000
0101100001000001000000
0000000000000000000000
0000000000000000000000
0000000000000000000000
0000000000000000000000
0000000000000000000000
0000000000000000000000
0000000000000000000000
0000000000000000000000
0000000000000000000000
0000000000000000000000
0000000000000000000001
0000000000000000000000
0000000000000000000000
0000000000000000000000
0011000000000000000000
0000000000000000000000
0000000000000000000000
0000000000000000000000
0000000000000000000000
0000000000000000000000
0000000000000000000000
0000000000000000000000
0000000000000000000000
0110100001000010000000
0000000000000000000000
0000000000000000000110
0000000000000000000000
0000000000000000000000
0000000000000000000000
0000000000000000000000
1111111111100111011111
1000110111001101110100
0000000010000000010000
0000000000000000000000
0000000000000000000000
0000000000000000000000
0000000000000000000000
0000000000000000000000
0000000000000000000000
0000000000000000000000
0000011100000101101101
0000000000000000000000
0000000000000000000000
0000000000000000000000
0000000000000000000000
1000000000000000000000
0000000000000000000000
0000000000000000000110
0000000001000000000000
0010000001000000000100
0000000000000000000000
0000000000000000000000
0000000000000000000000
0000000000000000000100
0010000001000000000000
0000000000000000000000
0000000000000000000000
0000000000000000000000
0000000000000000000000
0001000000000000000000
0000000000000000000000
0000000000000000000000
0000000000000000000000
0000000000000000000000
0000000000000000000000
0000000000000000000000
0000000000000000000000
0000000000000000000000
0000000000000000000000
0000000000000000000000
0000000000000000000000
0000000000000000000010
0100100000000000000000
0000000000000000000000
0000000000000000000000
0000000000000000000000
0000000000000000000000
0000000001000000000000
0000000000000000000000
0000000000000000000000
0001101001001000000000
0000000000000000000000
0000000000000000000000
0000000000000000000000
0000000000000000000000
0001000000000000000000
0000000000000000000000
0000000000000000000010
0000000000000000000110
0000000000000001000000
0000000000000000000000
0000000000000000000000
0000000000000000000000
0000000000000000000000
0000000000000000000000
0000000000000000000000
1111111111111111101111
0000000001000010000000
0000000000000000000000
0000000000000000000000
0000000000000000000000
0000000000000000000000
0000000000000000000000
0001000010000000000000
0000000000000000000000
0000000000000100010000
0000000000000000000000
0000000000000000000000
0000000000000000000000
0101000001100100000001
0000000000000000000110
0000100000000000000000
0000000000000000000000
0000000000000000010000
0000000000000000000000
0000000000000000000000
0000000000000000000000
0000000000000000000000
0000000010000000000000
0000000000000000000000
0000000000000000000000
1011100010001010001101
1111111111111111111111
0000000000000000000000
0000000000000000000000
0000000000000000000000
1111111111111111111111
0000000000000000000000
0000000000000000000000
0000000001000000000000
0000000000000000000000
0000000000000000000000
0000000000000000000110
0010000000000000000110
0000000000000000000000
0000000000000000000000
0000000000000000000000
0000000000000000000000
0000000000000000000000
0000000000000000000000
0000000000000000000000
0000000000000000000000
0001000010000000100000
0000000000000000000000
0000000000000000000000
0000000000000000000000
0000000000000000000000
0000000000000000000000
0000000000000000000000
0000000000000000000000
0000000000000000000000
0000000000000000000000
0000000000000001000000
0000000000000000000000
0000000000000000000000
0000000000000000000000
0000000000000001000000
0000000000000000000000
0000000000000000000000
0000000000000000000000
0000000000000000000000
0000000000000000000000
0010100001000000000000
0000000000000000000000
0000000000000000000000
0000000000000000000110
0000000000000000000000
1000001010000000010100
0000000000000000000000
0000000000000000000000
0000000000000000000000
0000000000000000000000
0000000000000000000000
0000000001000000000000
0000000000000000000000
0000000000000000000000
0000000000000000000000
0000000000000000000000
0000000000000000000000
0000000000000000000000
0000000000000000000000
0000000000000000000000
0000000000000000000000
0000000000000000000000
0000000000000000000000
0000000000000000000000
0000000000000000000000
0000000000000000000000
0000000000000000000000
0010001000000001000000
0000000000000000000000
0000000000000000000000
0000000000000000000110
0000000000000000000000
1111001011000010100100
0000000000000000000000
0000000000000000000000
0000000000000000000000
0000000000000000000000
0000000000000000000000
0000000000000000000000
0000000000000000000000
0000000000000000000000
0000000000000000000000
0000000000000000000000
1000000010010000000000
0000000000000000000000
0000000000000000000000
0000000000000000000000
0000000000000000000000
0000000000000100000100
0000000000000010000000
0000000000000000000000
0000000000000000000000
0000000000000000000000
0000000000000000000000
0000000000000000000000
0000000000000000000000
0000000000000000000000
0000000000000000000000
0000000000000000000000
0000000000000000000000
0000000000000000000000
0000000000000000000000
0000000000000000000000
0000000000000000000000
0000000000000000001000
0000000000000000000000
0000000000000000000000
0000000000000000000000
0000000000000000000000
0000000000000000000000
0000000000000000000000
0000000000000000000000
0000000000000000000000
0000000000000000000000
0000000000000000000000
0000100001000000000000
0000000000000000000000
0000000000000000000000
0000000000000000000000
0000000000000000000000
0000000000000000000000
0000000000000000000000
0000000000000000000000
0000000000001000100010
1000100001000000000100
0000000000000001000000
0000000000000000000000
0000000000000000000000
0000000000000000000000
0000000000000000000000
0000000000000000000000
0000000000000000000000
0000000000000000000000
0100110100010101011111
0000000000000000000110
0000000000000000000000
0000000000000000000000
0000000000000000000000
0000000000000000000000
0000000000000000000000
0000000000000000000000
0000000000000000000000
0000000000000000000000
0000000000000000000000
0000000000000000000000
0000000000000000000000
0000000000000000000000
0000000000000000000000
0000000000000000000000
0000000000000000000000
0000000000000000000000
0000100000000000000000
0000000000000001000000
1111111111111111111111
0000000000000000000000
0000000000000000000000
0000000000000000000000
0111001011000000000110
0000000000000000000100
0000000000000000000000
0000000000000000000000
0000000000000000000000
0000000000000000000000
0000001000000000000000
0000000000000000000000
0000000000000000000000
0000000000000000000000
0000000000000000000000
0001100011000000000000
0000000000000000000000
0000000000000000000000
1111101011111011111110
0000000000000000000000
1001100001100000000110
1000000000000000000000
0000000000000000000000
1111100011001001000110
0000000000000000000000
0000000000000000000000
0000000000000000000000
0000000000000000000001
0001100000000000000000
0011100000000000000000
0000000000000000000000
0000000000000000000000
0000000000000000000000
0111000001000000000000
0000000000000000000000
1000000000010000000000
1001000000000000000000
0000000000000000000000
1000000001000001000000
0000000000000000000000
0000000000000000000100
0000000000000000000110
0000000000000000000000
0000000000000000000000
0000000000000000000000
0000000000000000000000
0000000000000000000000
0000000000000000000001
0000000000000000000000
0000000000000000000000
0000000000000000000000
0000000000000000000001
0000000000000000000000
0000000000000000000000
0101000001001011000000
0000000000000000000000
0000000000000000000000
0100000010001000000000
0000000000000000000000
0001001011000000000010
0000000000000000000110
0000000000000000000000
1111110111111111111111
0000000000000000000000
0000000000000000000000
1000000001000000000000
0000000000000000000000
1111101011111110101110
0000000000000000000000
0000000000000000000000
0000000000000000000000
0000000000000000000000
0000000000000000000000
0101100001000000000000
0000000000000000000000
0000000000000000000000
0000000000000000000000
0000000000000000000000
0000000000000000000000
0000000001000000000000
0000000000000000000000
0000000000000000000000
0000000000000000000000
0000000000000000000000
0000000000000000000000
0000000000000000000000
0000000000000000000000
0000000000000000000000
0000000000000000000000
0000000000000000000000
0000000000000000000000
0000000000000000000000
0000000000000000000000
0111101011101011001101
0000000000000000000000
0000000000000000000000
1000000000010000000000
0000000000000000000000
0000000000000000000000
0000000000000000000000
0000000000000000000000
0000000000000000000000
0000000000000000000000
0000000000000000000000
0010000000000000000000
1001000011000000000001
0111101111011100001111
0000000000000000000000
0000000000000000000000
1010000010000000000101
0000000000000000000000
0000000000000000000000
0000000000000000000000
0000000000000000000000
0000000000000000000000
0000000000000000000000
0000000000000000000000
0000000000000000000000
0000000000000000000000
0000000000000000000000
0000000000000000000000
0000000000000000000000
0000000000000000000000
0000000000000000000000
1001001000000000000000
0000000000000000000000
0000000000000000000000
0000000000000000000000
0110000000000000000000
0000000000000000000000
0000000000000000000000
0000000000000000000000
0000000000000000000000
0000000001000000000000
0000000000000000000000
0000000000000000000000
0000000000000000000000
0000000000000000000000
0000000000000000000000
0000000000000000000000
1111101111111111111111
0011101100010000001000
0000000000000000000000
0000000000000000000000
0000000000000000000000
0011100001000100000000
0000000000000000000000
0000000000100000000000
0000000000000000000000
0000000000000000000000
0000000000000000000000
0000000000000000000000
0000000000000000000000
0000000000000000000000
0000000000000000000000
0000000000000000000000
1000000000000000000000
0010100000000000000000
0000000000000000000000
0000000000000000000000
0000000000000000000000
0000000000000000000001
0000000000000000001000
1000000000000000000000
0000000000000000000000
0000000000000000000000
0000000000000000000000
0000000000000000000000
0000000000000001000000
0000000000000000000000
0000000000000000000000
0000000000000000000000
0000000000000000000000
0000000000000000000000
0000000000000000000000
0000000000000000000000
0000000000000000000000
0000000000000000000000
0000000000000000000000
0000000000000000000000
0000000000000000000000
0000000000000000000000
0000000000000000000000
0000000000000000000000
0100000001000010000000
0000000000000000000000
0100100011000000000000
0000000000000000000000
0000000000000000000000
0000000000000000000000
0000000000000000000000
1111111111111111111111
0000000000000000000000
0000000000000000000000
0000000000000000000000
0000000000000000000000
1000010101001101111001
0000000000000000000000
0000000000000000000000
0001001000000001000000
0000000000000000000000
0000000000000000000000
0000000000000000000000
0000000000000000000000
0000000000000000000000
0000000000000000000000
0000000001000000000000
0000000000010000000000
0000000000000000000010
0000000000000000000000
0000100001000001000000
0000000000000000000000
0100000000000000000110
0000000000000000000110
1000000000010000000000
0000000000000000000000
1000000000010000000000
0000000000000000000000
0000000000000000000000
0000000000000000000000
0000000000000000000000
0000000000000000000000
1111101001001001001100
0000000000000000000000
1111111111111010111110
0000000000000000000000
0000000000000000000000
0000000000000000000000
0000000000000000000000
0000000000000000000000
0000000000000000000000
0000000000000000000000
0000000000000000000000
0000000000000000000000
0000000000000000000110
0000000000000000000110
0000000000000000000000
0000000000000000000000
0000000000000000000000
0000000000000000000000
0000000000000000000000
1001000000010000000000
0001000000000000000000
0000000000000000000000
0000000000000000000000
0000000000000000000000
0000000000000000000000
0000000000000001000000
0000000001000000000000
0000000000000000000000
0000000000000001000100
0000000000000000000000
0110001101010001110111
0101100001001000000000
0000000000000000000000
0000000000000000000000
0000000000000000000000
0000000000000000000000
0000000000000000000000
1111101101101111001111
0000000000000000000000
0000000000000000000000
0000000000000000000000
0000000000000000000110
0000000000000000000000
0101101011100001000000
0000000000000000000000
0000000000000000000000
1111111001111001111110
0000000000000000000000
0000000000000000000000
0000000000000000000000
0000000000000000000000
0000000000000000000000
0000000000000000000001
0000000000000000000000
0000000000000000000000
0000000000000000000000
0000000000000000000000
0000000000000000000000
0000000000000000000000
0000000000000000000000
0000000000000000000000
0000000000000000000000
0000100000000000000000
0000000000000000000000
0000000000000000000000
0000000000000000000000
0000000000000000000000
0000000000000000000000
0000000000000000000000
0000000000000000000000
0000000000000000000000
0000000000000000000000
0000000000000000000000
0000000000000000000000
0000000000000000000000
0000000000000000000000
0000000000000000000000
0000000000000000000000
0000000000000000000000
0000000000000000000000
0010000000000000000110
0000000000000000000110
0000000000000000000000
0000000000000000000000
0000000000000000000000
0000000000000000000000
0000110101100001110001
0000000000000000000000
0000000000000000000000
0000000000000000000000
0000000000000000000000
0000000000000000000000
1010100001000010000000
0000000000000000000000
0000000000000000000000
0000000000000000001000
0000000000000000000000
0000000000000000000000
0001000000000000000000
0000000000000000000000
0000000000000000000000
0000000000000000000000
0000100000000000000000
0000000000000000000000
0000000000000000000000
0110000001000000000000
0000000000000000000000
0000000000000000000000
0000000000000000000000
0000000000000000000000
0000000000000000000000
0000000000000000000000
0000000000000000000000
0000000000000000000000
0000000000101000000000
0000000000100000000000
0000000000000000000010
0000000000000000000110
0001100001000001000001
0000000000000000000000
0000000000000000000000
0000000000000000000000
0000000000000000000000
0000000000000000000000
0000000000000000000000
0000000000000000000000
0000000000000000000000
0000000000000000000000
0000000000000000000000
0000000000000000000000
0000000000000000000000
0000000000000000000000
0000000000000000000000
0000000000000000000000
0000000000000000000000
0000000000000000000000
0000000000000000000000
0000000000000000000000
0000000000000000000000
0000000000000000000000
0000000000000000000000
0000000000000000000000
0000000000000000000000
0000000000001000000000
0000000000000000000000
0000000000000000000000
0000000000000000000000
0000000000000000000000
0000000000000000000000
0000000000000000000000
0000000000000000000000
1111111111111101111111
1110110101111010001110
0000000000000000000000
0000000000000000000000
1111111111111111111111
0000000000000000000000
0000000000000000000110
0000000000000000000000
1101000001001000000110
0000000000000000000000
0000000000000000000000
0000000000000000000000
0000000000000000000000
0000000000000000000000
0000000000000000000000
0000000000000000000000
0000000000000000000000
0000000000000000000000
0000000000000000000000
0000000000000000000000
0000000000000000000000
0000000000000000000000
0000000000000000000000
0000000000000000000000
0000000000000000000000
0000000000000000000000
0000000000000000000000
0000000000000000000000
1000000000010000000000
0000000001000000000000
0000000000000000000000
0000010100000111110100
0000000000000000000000
0000000000000000000000
0000000000000000000000
0000000000000000000000
0000000000000000000110
0000000000000000000000
0000000000000000000000
0000000001000000000000
0000000000000000000000
0000000000000000000000
0000000000000000000000
0000000000000000000000
0000000000000000000000
0000000000000000000000
0000000000000000000000
0000000000000000000110
0000000000000000000000
0000000000000000000000
0000000000000000000000
0000000000000000000000
0000000000000000000000
0000000000000000000000
0000000000000000000000
0000000000000000000000
0000000000000000000000
0000000000000000000000
0000000000000000000000
0000100000000001000000
0000000000000000000000
0000000000000000000000
0000000000000000000000
0100000000000000000000
0000000000000000000000
1011111101000000010000
1111011111111111111111
0000000000000000000000
0000000000000000000000
0000000000000000000000
0000000000000000000000
0000000000000000000010
0000000000000000000000
0000000000000000000110
0000000000000000000000
0000000000000000000000
0000000000000000000000
0000000000000000000000
0000000000000000000000
0000000000000000000000
0000000000000000000000
0000000000000000000000
0000000000000000000000
0000000000000000000000
0000000000000000000000
0000000000000000000000
0000000000000000000000
0000000000000000000000
0011100100010111100010
0000000000000000000000
0000000000000000000000
0000000000000000000110
0000000000000000000111
0000000000000000000000
0000000000000000000000
0000000000000000000000
0000000000000000000000
0000000000000000000000
0000000000000000000000
0010100000000000000000
0000000000000000000000
0000000000000000000000
0000000000000000000000
0000000000000000000000
0000000000000000000000
0000000000000000000000
0000000000000000000000
0000100000000000000000
0000000000000000000000
0000100001111010001010
0000000000000000000000
0000000000000000000000
0000000000000000000000
0000000000000000000000
0000000000000000000000
0000000000000000000000
0000000000000000000000
0000000000000000000000
0000000000000000001000
0000000000000000000000
0110110111111111101011
0000000000000000000000
0000000001000000000110
0000000000000000000000
0000000000000000000000
0000000000000000000000
0000000000000000000000
0000000000000000000000
0000000000000000000000
0000000000000000000000
0000000000000000000000
0000000001000000000000
0100000000000000000000
0000000000000000000000
0000000000000000000000
0001000000000000000000
0000000000000000000000
0000000000000000000000
0000001000000000000000
0100000000001000000000
0000000000000000000000
0000000000000000000000
0000000000000000000000
1000000000010000000000
0000000000000000000000
0000000000000000000000
0000000000000000000000
0001000000000000000000
0000000000000000000000
0000000000000000000000
0000000000000000000000
0100000000000000000110
0000000010000000000000
0000000000000000000000
0000000000000000000000
0000000000000000000000
0000000000000000000000
0000000000000000000000
0000000000000000000000
0000000000000000000000
0000000000000000000000
0000000000000000000000
0000000000000000000000
0000000000000000000000
0000000000000000000000
0000000000000000000000
0000000000000000000000
0010001001000000000000
0000000000000000000000
0000000000000000000000
0000000000000000000000
0100000000000000000000
0000000000000000000000
0000000000000000000000
0001000000000000000000
1000000000000000000000
0000000001000001000000
0000000000000000000000
0000000000000000000000
0000000000000000000000
0000100000000000000000
0000000000000000000000
0000000000000000000000
0000000000000000000000
0000000000000000000000
0111110111111111001011
0000000000000000000000
1000000000000000000000
0101000000000000000000
0000000000000000000000
0000100001010000000000
0000000000000000000000
0000000000000000000000
0000000000000000000000
0100000000000000000000
0000000000000000000000
0000000000000000000000
0000000000000000000000
0000000000000000000000
0000000000000000000000
0000000000000000000000
0000000000000000000000
0000000000000000000000
0000000000000000000000
0000000000000000000000
0000000000000000000000
0000000000000000000000
0000000000000000000000
0000000000000000000000
0000000000000000000000
0000000000000000000000
0000000000000000000000
0000000000000000000000
0000000000000000000000
0000000000000000000000
0001000000000000000000
0000000000000000000000
0000000000000000000000
0000000000000000000000
0000000000000000000000
0000000000000000000000
0000000000000000000000
0000000000000000000110
0000000000000000000000
0000000000000000000000
0000000000000000000000
0000000000000000000000
0000000000000000000000
0000000000000000000000
0000000000000000000000
0000000000000000000000
0000000001000000000000
0000000000000000000000
0000000000000000000000
0000000000000000000000
0000000000000000000000
0000000000000000000000
0000000000000000000000
0000000000000000000000
0000000000000000000000
0000000000000000000000
0000000000000000000000
0000000000000000000000
0000000000000000000110
0010001001000001000001
0000000000000000000000
0000000000000000000000
0000000000000000000000
0000000000000000000000
0000000000000000000000
0000000000000000000000
0000000000000000000000
0000000000000000000000
0000000000000000000000
0000000000000000000000
0000000000000000000000
0000000000000000000000
0000000000000000000000
0000000000000000000000
0000000000000000000000
0000000000000000000000
1011111110000101110001
0001000000000000000000
0000000000000000000000
0000000000000000000001
0000000000000000000000
0000000000000000000000
0000000000000000000000
0000000000000000000000
0000000001000000000000
0000000000000000000000
0000000000000000000000
0000000000000000000000
0000000000000000000000
0000000000000000000000
0000000000000000000000
0000000001000000000000
0000000000000000000000
0000000000000000000000
0000000000000000000000
0000000000000000000000
0000000000000000000000
0000000000000000000100
0000000000000000000000
0000000000000000000000
0000000000000000000000
0000000000000000000000
0000000000000000000000
0000000000000000000000
0000000000000000000000
0000000000000000000000
0000000000000000000000
0000000000000000000000
0000000000000000000000
0000000000000000000000
0000000000000000000000
0000000000000000000000
0000000000000000000100
0000000000000000000000
0000000000000000000000
0000000000000000000000
0000000000000000000000
0000000000000000000000
0000000000000000000010
0000000000000000000000
0001000000000000000000
0000000000000000000000
0000000000000000000000
0000000000000000000000
0000000000000000000000
0000000000000000000111
0000000000000000000110
0100000000000000000000
0001000000000000000000
0000000000000000000000
0000000000010000000000
0000000000000000000000
0000000000000000000100
0000000000000000000000
0101000001000001000000
0000000000000000000000
0000000000000000000000
0000000000000000000000
0000000000000000000000
0000000000000000000000
0000000000000000000000
0000000000000000000000
0000000000000000000000
0000000000000000000000
0000000000000000000000
0000000000000000000001
0000000000000000000000
0000000000000000000000
0000000000000000000000
0000000000000000000000
0000000000000000000000
0000000000000000000001
0000000000000000000000
0000000000000000000100
0000000000000000000000
0000000000000000000000
0000000000000000000000
0000000000000000000000
0000000000000000000000
0000000000000000000000
0000000000000000000000
0100000000000000000000
1000000000010000000000
0000000000000000000000
0001000000000000000000
0000000000000000000000
0000000000000000000000
0000000000000000000000
0000000000000000000000
0000000000000000000000
0000000000000000000000
0000000000000000000000
1000000000000000000000
1000000001000000000000
0000000000000000000000
0000000000000000000001
0000000000000000000000
0000000000000000000000
0000100001010000000000
0000000000000000000000
0000000000000000000000
0000000000000000000000
0000000000000000000000
0000000000000000000000
0000000000000000000000
0000000000000000000000
0000000000000000000000
0000000000000000000000
0000000000000000000000
0000000000000000000000
0000000000000000000000
0000000000000000000110
0000000000000000000000
0000000000000000000000
0000000000000000000000
0000000000000000000000
0000000000000000000000
0000000000000000000000
0000000000000000000000
0000000000000000000000
0000100001111010001010
0000000000000000000000
0000000000000000000000
0000000000000000000000
0000000000000000000000
0000000000000000000000
0000000000000000000000
0000000000000000000000
0000000000000000000010
0000000000000000000000
0000000000000000000000
0000100000000001000000
0000000000000000000000
0000000000000000000000
0000000000000000000000
0000000000000000000000
0000000000000000000000
0000000000000000000010
0000000000000000000100
0000000000000000000110
0000000000000000000000
0000000000000000000000
0000000000000000000000
0000000000000000000000
0000000000000000000000
0000000000000000000000
0000000000000000000000
0000000000000000000000
0000000000000000000000
0100100000000000000000
1111001011001010100100
0000000000000000000000
0000000000000000000000
0000000000000000000000
0000000000000000000000
0110000000000000000110
0000000000000000000000
0000000000000000000000
0000000000000000000000
0111100011100001010000
0000000000000000000000
0000000000000000000000
0000000000000000000000
0000000000000000000000
0000000000000000000000
0000000000000000000000
0000000001000000000000
0000000000000000000000
0000000000000000000000
0000000000000000000000
0000000000000000000000
0000000000000000000000
0000000000000000000000
0000000000000000000000
0000000000000000000000
0000000000000000000000
0000000000000000000000
0000000000000000000000
0000000000000000000010
0000000000000000000000
0000000000000000000000
0000000000000000000000
0000000000000000000000
0000000000000000000000
1111111111111111111111
0000000000000000000000
0000000000000000000000
0000000000000000000000
0000000000000000000000
0000000000000000000000
0000000000000000000000
0000000000000000000000
0000000000000000000000
0000000000000000000000
0000000000000000000000
0000000000000000000000
0000000000000000000000
0000000000000000000000
0000000000000000000000
0001000000000001000000
0000110001111010001110
0000000000000000000000
0000000000000000000000
0000000000000000000000
0000000000000000000000
0000000000000000000000
0000000000000000000000
0000000000000000000000
0000000000000000000000
0000000000000000000000
0000000000000000000000
0000000000000000000000
0000000000000000000001
0000000000000000000000
0000000000000000000000
0000000000000000000000
0000000000000000000000
0000000000000000000000
0000000000000000000000
0000000000000000000000
0000000000000000000000
0000000000000000000000
0010000001100000000000
0000000000000000000000
0000000000000000000000
0001100001000000000000
0000000000000000000000
0000000000000000000000
0000000000000000000000
0000000000000000000000
0000000000000000000000
0000000000000000000000
0000000000000000000100
0000000000000000000000
0000000000000000000000
0000000000000000000000
1111001010000000000110
0000000000000000000000
0000000000000000000000
0000000000000000000000
0000000000000000000000
0000000000000000000000
0000000000000000000000
0000000000000000000000
0000000000000000000000
0000000000000000000000
0000000000000000000000
0000000000000000000000
0000000000000000000001
0000000000000000000000
0000000000000000000000
1111101111111111111111
0011101001101010000110
0000000000000000000000
0000000000000000000000
0000000000000000000000
0000000000000000000000
0000000000000000000000
0000000000000000000000
0000000000000000000000
0000000000000000000000
0000000000000000000110
0000000000000000000000
0000000000000000000000
0000000000000000000000
0100000101101000001101
0000000000000000000110
0000000000000000000000
0000000000000000000000
0000000000000000000000
0000000000000000000000
0000000000000000000000
0100000000100000000000
0000100000000001000000
0100000000000000000000
0000000001000000000000
0000000000000000000000
0000000000000000000000
0000000000000000000110
0000000000000000000000
0000000000000000000000
0000000000000000000000
0000000000000000001000
0000000000000000000000
0000000000000000000000
0000000000000000000000
0000000000000000000000
0000000000000000000000
0001000000000000000000
0000000000000000000000
0000000000000000000000
0000000000000000000000
0000000000000000000000
0000000000000000000000
0000000000000000000000
0000000000000000000000
0000000000000000000000
0000000000000000000000
0000000000000000000000
0000000000000000000000
0000000000000000000110
0000000000000000000000
0000000000000000000000
0000000000000000000000
1111011110000101000101
0000000000000000000000
0000000000000000000000
0000000000000000000000
0000000000000000000000
0000000000000000000000
0000000000000000000000
0000000000000000000000
0000000000000000000000
0000000000000000000000
0000000001000000000000
0000000000000000000000
0000000000000000000000
1000000000000000000000
0000000000000000000000
0000000000000000000000
0000000000000000000000
0000000000000000000000
0000000000000000000000
0000000000000000000000
0000001000000000000110
0000000000000000000001
0000000000000000000000
0000000000000000000000
0000000000000000000000
0000000000000000000000
0000000000000000000000
0000000000000000000000
0000000000000000000000
0000000000000000000000
0000000000000000000000
0000000000000000000000
0000000000000000000000
0000000000000000000000
0000000000000000000000
0000000000000000000000
0000000000000000000000
0000000000000000000000
0100000000000000000000
0000000000000000000000
0000000000000000000000
0000000000000000000000
0000001100000100000110
0100000000000000000000
0000000000000000000000
0000010100000100110111
0000000000000000000000
0000000000000000000000
0000000000000000000000
0000000000000000000000
0000000000000000000000
0000000000000000000000
0000000000000000000000
1111100110011111101111
0000000000001010000000
0000000000000000000000
0000000000000000000000
0000000000000000000000
0000000000000000000000
0000000010100011010000
0100100000000000000000
0000000000000000000000
0000000000000000000000
0000000000000000000000
0000000000000000000000
0000000000000000000000
0101001011000000000110
0100000001000000000000
0000000000000000010000
0000000000000000100000
0000000000010001000110
0000000000000000000000
0000000000000000000000
0000000000000000000000
0000000000000000000000
0000000000000000000000
0000000000000000000000
0000000000000000000000
0000000000000000000000
0000000000000000000000
1000000000000000000000
0000000000000000000000
0000000000000000000000
1100101111110111101111
0000000000000000000000
0000000000000000000110
0000000000000000000000
0000000000000000000000
0000100001000000000000
0000000000000000000000
0000000000000000000000
0000000000000000000000
0000000000001000010001
0000000000000000000000
0000000000000100000000
0100000000000000000000
0000000000000000000000
1000000000000000000000
0000000000000000000000
0000000000000000000000
0000000000000000000000
0000000000000000000000
0000000000000000000000
0000000000000000000000
0000000000000000000000
0000000000000001000000
0000000000000000000000
0000000000000000000000
0000000000000000000000
0000000000000000000000
0000000000000000000000
0000000000000000000000
0000000000000000000000
0000000000000000000000
0000100001111010001010
0001000011010100000000
0000000000000000000000
0000000000000000000000
0000000000000000000000
0000000000000000000000
0000000000000000000000
0000000000000000000000
0000000000000000000000
0000000000000000000000
0000000000000000000000
0000000000000000000000
0000000000000000000000
1100111111111111001000
0000000000000000000000
0000000000000000000001
0000000000000000000000
1111111111111111111111
0000000000000000000000
0000000000000000000000
0000000000000000000000
0000000000000000001000
0000000000000000000000
0000000000000000000000
0000000000000000000000
0000000000000000000000
0000000000000000000000
0000000000000000000010
0000000000000000000000
0111100111111001000100
0010000001000000000000
0000000001000000000000
0000000000000000000110
0000000000000000000000
0000000000000000000110
0000000000000000000000
0000000000000000000000
0000000000000000000000
0000000000000000000000
0000000000000000000000
0000000000000000000000
0000000000000000000000
0000000000000000000000
0000000000000000000000
0000000000000000000000
0000000000000000000000
0000000000000000000000
0000000000000000000000
0000000000000000000110
0000000000000000000110
0000000000000000000000
0000000000000000000000
0100000001000000000000
0000000000000000000000
0000000000000000000000
0000000000000000000000
0000000000000000000000
0000000000000100000000
0000000000000000000000
0100000000000000000110
1101100001101001001000
0000000000000000000000
0000000000000000000000
0000000000000000000000
0000000000000000000000
0000000000000000000000
0000000000000000000000
0101000001000101000000
0000000000000000000000
0000000000000000000000
0000000000000000000000
0000000000000000000000
0001000000000000000000
0000000000000000000000
0000000000000000000000
0000000000000000000000
0000000000000000000000
0000000000000000000000
0000000000000000000000
0000000000000000000000
0000000000000000000000
0000000000000000000000
0000000000000000000000
0000000000000000000000
0000000000000000000000
0000001000000000000001
0000000000000000000000
0000000000000000000000
0000000000000000000000
0000000000000000000000
0000000000000000000000
0000000000000000000000
0000000000100000000000
0000000000000000000001
0000000000000000000000
0000000000000000000000
0000000000000000000000
0000010100000101110001
0000000000000000000000
0001000000000000000000
0000000000000000000000
0000000000000000000000
0000000000000000000000
0000000000000000000000
0000000000000000000000
1111101111101111110111
1000000000000000000000
0000000000000000000000
0000000000000000000000
0000000000000000000110
0000000000000000000000
0000000000000000000000
0000000000000000000000
0000000000000000000000
0000000000000000000000
0000000000000000000100
0000000000000000000000
0000000001000000000000
0000000000000000000000
0000000000000000000000
0000000000000000000110
0000000000000000000000
0000000000000000000000
0000000000000000000000
0000000000000000000000
0000000000000000000000
0000000000000000000000
0000000000000000000000
0101100111011011101001
0000000000000000000000
0100000000000000000000
0000000000000000000000
0000000000000000000000
0000000000000000000000
0000000000000000000000
0000000000000000000000
0000000000000000000000
0011100000100001000110
0000000000000100000000
0000000000000000000000
0000000000000000000000
0000000000000000000000
0000000000000000000000
0000000000000000000000
0000000000000000000000
0000000000000000000000
0000000000000000000000
0000000000000000000000
0000000000000000000000
0000000000000000000000
0000000000000000000000
0000000001000000000000
0000000000000000000000
0100000000000000000000
1000000000000001000000
0000000000000000000110
0000000000000000000000
0000000000000000000001
0000000000000000000000
0000001000000010000000
0000000000000000000000
1001100011101001010000
0000000000000000000000
0000000000000000000000
0000000000000000000000
0000000001000000000000
0000000000000000000000
0000000000000000000000
0000000000000000000000
0000000000000000000000
0000000000000000000000
1000100000000000000000
0000000000000001000000
0000000000000000000000
0000000000000000000000
0000000000000000000000
0000000000000000000000
0000000000000000000000
0000000000000000000000
0000000000000000000000
1111111111111111111111
1111111110111101111111
0000000000000000000000
0000000000000000000000
0000000000000000000110
0000000000000000000000
0000000000000000000000
0000010101000111110001
0000000000000000000000
0000000000000000000000
0000000000000000000000
0000000000000000000000
0000000000000000000000
0000000000000000000110
0000000000000000000000
1011100001000000000000
0000000000000000000000
0000000000000000000000
0000000000000000000000
0000000000000000000000
0000000000000000000000
0000000000000000000000
0000000000000000000000
0000000000000000000000
0000000000000000000000
0000000000000000000000
0000100000000000000000
0111101101100111101101
0000000000000000000000
0000000000000000000000
0000000000000000000000
1111101111111111111111
0000000000000000000000
0000000000000000000000
0000000000000000000000
0000000000000000000000
0000000000000000000000
0000000000000000000000
0000000000000000000000
0000000000000000000000
0000000000000000000000
0000000000000000000000
0000000000000000000000
0000000000000000000000
0000000000000000000000
0000000000000000000000
0000000000000000000000
0000000000000000000000
0000000000000000000000
0000000000000000000000
0000000000000000000110
0000000000000000000000
0000000000000000000000
0000000000000000000000
0000000000000000000000
0000000000000000000000
0000000000000000000000
0000000000000000000000
0000000000000000000000
0000000000000000000000
0000000000000000000000
0000000000000000000000
0000000000000000000000
0001000000000001000000
0000000000000000000000
0000000000000000000000
0000000000000000000000
0000000000000000000000
0000000000000000000000
0000000000000000000000
0000010001100000000110
0000000000000000000000
0000000000000000000000
0010001000000000000100
0000000000000000000000
0000000000000000000000
0000000000000000000000
0000000000000000000000
0000000000000000000000
0000000000000000000000
0000000000000000000100
0000000000000000000000
0100000001000000000000
0000000000000000000000
0000000000000000000000
0000000000000000000000
0000000000000000000000
0000000000000000000000
0000000000000000000000
0000000000000000000000
0000000000000000000000
0000000000000000000000
0000000000000000000000
0000000000000000000000
0000000000000000000000
0000000000000000000000
0000000000000000000000
0000000000000000000000
0000000000000000000000
0000000000000000000000
0000000000000000000000
0000000000000000000000
0000000000000000000000
0000000000000000000000
0000000000000000000000
0000000000000000000000
0000000000000000000000
0000000000000000000000
0000000000000000000000
1110101011101111111111
0000000000000000000000
0000000000000000000000
0000000000000000000000
1101111111111111111111
0000000000000000000000
0000000000000000000000
0000000000000000000000
0000000000000000000010
0000000000000000000000
0000000000000000000000
0000000000000000010000
0000000000000000000000
0000000000000000000000
1111100111111110001111
0000000000000000000000
0000000000000000000000
0000000000000000000000
1111101101111111111111
1100100001001100000000
0000000000000000000000
0000000000000000000000
0000000000000000000000
0000000000000000000000
0000000000000000000000
0000000000000000000000
0000000000000000000001
0000000000000000000000
0000000000000000000001
0000000000000000000000
0000000000000000000000
0000000000000000000000
0000000000000000000000
1000000000000000000000
0000000000000000000000
0000000000000000000000
0000000000000000000000
0000000000100000000000
0000000000000000000000
0000000000000000000000
0000000000000000000000
0000000000000000000000
0000000000000000000000
0001000000000000000000
0000000000000010000000
0000000000000000001000
0000000000000000000000
0000000000000000000000
0000000000000000000000
0000000000000000000000
0000000000000000000000
1000000000010000000000
0000000000000000000000
0000000000000000000000
0000000000000000000000
0000000000000000000000
0000000000000000000000
0000000000000000000000
0000000000000000000000
0111101111001100000000
0000000000000000000000
0000000000000000000000
0000000000000000000000
0000000000000000000000
0000000000000000000000
0000000010000000000000
0000000000000000000110
0000000000000000000001
0000000000000000000000
0000000000000000000000
0000000000000000000110
0001000000000000000000
0000000000000000000000
0000000000000000000000
0000000000000000000000
0000000000000000000000
0000000000000000000000
0000000000000000000000
0000000000000000000000
0000000000000000000000
0000000000010000000000
0000000000000000000000
0000000000000000000000
0000000000000000000000
0000000000000000000000
0000000000000000000000
0000000000000000000000
0000000000000000000000
0000000000000000000000
0000000000000000000000
0000000000000000000000
0000000000000000000000
0000001000000000000000
0000000000000000000000
0000000000000000000000
0000000000000000000000
0000000000000000000000
0000000000000000000000
0000000000000000000000
0000000000000000000000
0000000000000000000000
1000000000010000000000
0000000000000000000000
0000000000000000000000
0000000000000000000000
0000000000000000000000
0000000000000000000000
0000000000000000000000
0000000000000000000000
0101000100000001000000
0000000000000000000000
0000000000000000000000
0000000000000000000000
0000000000000000000000
1010100000000000000000
0000000000000000000000
0000000000000000000000
0000000000000000000000
0000000000000000000000
0000000000000000000000
0000000000000000000000
0000000000000000000000
0000000000000000000000
0000000000000000000000
0000000000000000000000
0000000000000000000000
0000000000000000000000
0000000000000000000000
0000000000000000000000
1100000000010000000000
0000000000000000000000
0000000000000000000000
0000000000000000000000
0000000000000000000000
0000000000000000000000
0000000000000000000000
0000000000000000000000
0000000000000000000000
0000000000000000000000
0000000000000000000000
0000000000000000000000
0000000000000000000000
0000000000000000000000
0000000000000000000000
0000000000000000000000
0000000000000001000000
0000000000000000000000
0000000000000000000000
0000000000000000000000
0000000000000000000000
1111101111111111111111
1001100000010000000000
0000000000000001000000
0000000000000000000110
0000000000000000000000
0000000000000000000000
0000000000000000000000
0000000000000010000000
0000000001000000000000
0000000000000000000000
0000000000000000000000
0000000000000000000000
0000000000000100000000
0000000000000000000000
0000000000000000000001
0000000000000000000000
0000000000000000000000
0000000000000000000000
0000000000000000000000
0000000000000000000000
0000000000000000000000
0000000000000000000000
0000000000000000000000
0000000000000000000000
0000000000101001000000
0000000000000000000000
0000000000000000000000
0000000000000000000000
0000000000000000000110
1111001000000101010100
0000000000000000000000
0000000000000000000000
1111000100001110001111
0000000000000000000000
0000000000000000000000
0000000000000000000100
0000000000000000000000
0110000001000001000100
0000000000000000000000
0000000000000000000000
0000000000000000000000
0000000000000000000000
0000000000000000000000
0000000000000000000000
0000000000000000000000
0000000000000000000000
0000000000000000000000
0000000000000000000000
0000000000000000000000
0000000000000000000000
0000000000000000000000
0000000000000000000000
0000000000000000000000
0000000000000000000000
0000000000000000000000
0000000000000000000000
0000000000000000000000
0000000000000000000010
0001001001001000000000
0000000000000000000000
0000000000000000000000
0000000000000000000000
0000000000000000000000
0000000000000000000000
0000000000000000000000
0000000000000000000000
0000000000000000000000
0000000000000000000000
0000000000000000000001
0000000000000000000000
0000000000000000000000
0000000000000000000000
0000000000000000000000
0000000000000000000000
0000000000000000000000
1111011011111011111100
0000000000000000000000
0000100000000000000000
0000000000000000000000
0000000000000001000000
0000000000000000000000
0000000000000000000000
0000000000000000000000
0000000000000000000000
0000000000000000000000
0000000000000000000000
0000000000000001000000
0000000000000000000000
0000000000000000000000
0100100000000000000000
0000000000000000000000
1000000000001000001000
0000000000000000000010
0000000000000000000000
0000000000000000000000
0000000000000000000000
0000000000000000000000
0000000000000000000000
0000000000000000000000
0000000000000000000000
0000000000000000000000
0000000000000000000000
0000000000000000000001
0000000000000000000000
0000000000000000000000
0000000000000000000000
0000000000000000000000
0000000000000001100110
0000000000000000000000
0000000000000000000000
0000001000000000000000
0000000000000000000000
1001100001000000000000
0000000000000000000000
0000000000000000000000
0000000000000000000000
0000000000000000000000
0000000000000000000000
0000000000000000000000
0000000000000000000000
0000000001000000000000
0000000000000000000000
0000000000000000000000
0000000000000000000000
0000000000000010000000
0000000000000000000000
0000000000000000000000
0000000000000000000001
0000000000000000000000
0000000000000000000000
0000000000000000000000
0000000000000000000000
0000000000000000000000
0000000000000000000000
0000000000000000000000
1000000000010000000000
0000000000000000000000
0000000000000000000000
0000000000000000000000
0000000000000000000001
0000000000000000000000
0000000000000010000000
0000000000000000000000
0000000000000000000000
0000000000000000001000
0000000000000000000000
0000000000000000000110
0000000000000000000000
0000000000000000000000
0000000000000000000000
0000000000000000000000
0000000000000000000100
0000000000000000000001
0000000000000000000000
0000000000000000000000
0000000000000000000000
0000000000000000000110
0000000000000000000000
0000000000000000000000
0000000000000000000000
0000000000000000000000
0000000000000000000000
0000000000000000000000
0000000000000000000110
0000000000000000000000
0000000000000000000000
0000000000000000000000
0001010010000000000000
0000000000000000000000
0000000000000000000000
0000000000000000000001
0000000000000000000000
0000000000000000000000
0000000000000000000000
0000000000000000000110
0000000000000000000000
0000000000000000000000
0000000000000000000000
0000000000000000000000
0000000000000000000000
0000000000000000000000
0000000000000000000000
0000000000000000000110
0000000000000000000000
0000000000000000000000
0000000000000000000000
0000000000000000000000
0000000000000000000000
0000000000000000000000
0000000000000000000000
0000000000000000000000
0000000000000000000000
1110101011000000000000
0000000000000000000000
0000000000000000000000
0000000000000000000110
0000000000000000000000
0000000000000000000000
0000000000000000000000
0000000000000000000000
0000000000000000000000
0001000001000000000000
0000000000000000000000
0000000000000001000001
0000000000000000000000
0000000001000000000110
0000000000000000000000
0000000000000000000000
1000000000010000000000
0000000000000000000001
0000000000000000000000
0000000000000000000000
0000000000000000000000
0000000000000000000000
0000000000000000000000
0000000000000000000000
0000000000000000000000
0000000000000000000110
0000000000000000000000
0000000000000000000000
0000000000000000000000
0000000000000000000000
0000000000000000000000
0000000000000000000000
0000000000000000000000
0000000000000000000000
0000100000000001000010
0000000000000000000000
1000000000010000000000
0000000000000000000000
0000000000000000000000
0000000000000000000000
0000000000000000000000
0000000000000000000000
0000000000000000000000
0000000000000000000000
0000000000000000000000
0000000000000000000000
0001000001010000010000
0000000000000000000000
0000000000000000000000
0000000000000000000000
0000000000000000000000
0000000000000000000100
0000000000000000000000
0000100001111010001010
0000000000000000000000
0000001000000000000110
0000000000000000000000
0000000000000000000000
0000000000000000000000
0000000000000000000000
0000000000000000000000
0000000000000000000000
0000000000000000000000
0000000000000000000000
0000000000000000100000
0000000000000000000000
0000000000000000000000
1111111111111111111111
0000000000000000000000
0000000000000000000000
0000000000000000000000
0000000000000000000000
0000000000000000000000
0000000000000000000000
0000000000000000000000
0000000000000000000000
0000000000000000000000
0000000000000000000000
0000000010000000000000
0000000000000000000000
0000000000000000000000
0000000000000000000000
0000000000000000000100
0000000000000010000000
0000000000000000000000
0000000000000000000000
0000000000000000000000
0000000000000000000000
0000000000000000000110
0000000000000000000000
0000000000000000000110
0000000000000000000000
0000000000000000000000
0000000000000000000000
0000000000000000000110
0000000000000000000000
0000000000000000000000
0000000000000000000000
0000000000000000000000
0000000000000000000000
0000000000000000000000
0000000000000000000000
0000000000000000000000
0100100011100000010001
0000000000000000000110
1111101111111111111111
0000000000000000000000
0000000000000000000000
0000000000000000000000
0000000000000000000000
0000000000000000000000
0000000000000000000110
1000100001010000000000
0000000000000000000000
0000000000000000000000
0000000000000000000000
0000000000000000000000
0000000000000000000000
0000000001000000000000
0000000000000000000000
0000000000000000000000
0000000000000000000000
0001000000000000000000
0000000000000000000000
0000000000000000000000
0000000000000000000000
0000000000000000000000
0000000000000000000000
0000000000000000000000
0000000000000000000000
0000000000000000000000
0000000000000000000000
0000000000000000000000
0000000000000000000000
0000000000000000000000
0000000000000000000000
0000000000000000000000
1001100100000011000000
0000000000000000000000
0000000000000000000000
0000000000000000000000
0000000000000000000000
0000000000000000000000
0000000000000000000000
0000000000000000000000
0000000000000000000000
0000000000000000000000
0000000000000000000000
0000000000000000000000
0000000000000000000000
0000000000000000000000
0000000000000000000000
0000000000000000000000
0000000000000000000000
0100100001100000000000
0000000000000000000000
0000000000000000000000
0000000000000000000000
0000000000000000000001
1110111111001011111111
0000000000000000000110
0000000000000000000000
0100000000000000000111
0000000000000000000000
0000000000000000000000
0000000000000000000000
0000000000000000000000
0000000000000000000000
0000000000000000000000
0000000000000000000000
0000000000000000000000
0000000000000000000000
1010011011000001010101
0000000000000000000001
0000000000000000000000
0000000000000000000000
0000000000000000000000
0000000000000000000000
0000000000000000000000
0000000000000000000000
0010000000000000000110
0000000000000000000000
0000000000000000000000
0000000000000000000000
0000000000000000000000
0000000000010000000000
0000000000000000000000
0000000000000000000000
0000000000000000000000
0000000000000000000000
0000000000000000000000
0000000000000000000000
0000000000000000000000
0000000000000000000000
0000000000000000000000
0000000000000000000000
0000000000000000000000
0000000000000000000000
0000000000000001000000
0000000000000000000000
0000000000000000000000
0000000000000000000000
0000000000000000000000
0000000000000000000000
0000000000000000000000
0000000000000000000000
0000000000000000000000
0000000000000000000000
0000000001000000000000
0000000000000000000000
0000000000000000000000
0000000000000000000000
0000000000000000000000
0010100001000000000000
0000000000000000000000
0000000000000000000000
0000000000000000000110
0000000000000000000000
0000000000000000000000
0100000001000000000000
0000000000000000000000
0000000000000000000000
0000000000000000000000
0000000001100001010000
0000000000000000000000
0000000000000001000000
1101111110111111111111
0000000000000000000000
0000000000000000000000
0001000001000001000000
0000000000000000000000
0000000000000000000000
0000000000000000000000
0001000000000001000000
0000000000000000000000
0000000000000000000000
0000000000000000000000
0000000000000000000000
0000000000000000000000
0010000000000000000000
0000000000000000000000
0000000000000000000000
0000000000100001000001
0000000001000000000000
0000000000000000000000
0000000000000000000000
0000000000000000000000
0000000000000000000000
0000000000000000000000
0000000000000000000000
0000000000000000000110
0000000000000000000000
0000000000000000000000
0000000000000000000000
0000000000000000000000
0000000000000000000000
0000000000000000000000
0000000000000000000000
0000000000000000000000
0000000000000000000000
0000000000000000000000
0000000000000000000000
0000000000000000000000
0000000000000000000000
0000000000000000000000
0000000000000000000000
0000000000000000000000
0000000000000000000000
0000000001000000000000
0000000000000000000110
0000000000000000000001
0000000000000000000000
0000000000000000000000
0000000000000000000000
0000000000000000000000
0000000000000000000000
0000000000000100000001
0000000000000000000000
0000000000000000000000
0000000000000000000000
0000000100000000000000
0100000000000000000000
0000000000000000000000
0000000000000000000000
0001100001000000000000
0000000000000000000000
0000000000000000000000
0000000000000000000000
0000000000000000000000
0000000000000000000000
0000000000000000000000
0000000000000000000000
0000000000000000000000
0000000000000000000000
0000000000000000000000
0000000000000000000000
0000000000000000000000
0000000000000000000000
0000000000000000000000
0000000000000000000000
0000000000000000000000
0000000000000000000000
0000000000000000000000
0000000000000000000000
0000000000000000000000
0000000000000000000000
0000000000000000000000
0000000000000000000000
0000000000000000000000
0000000000000000000000
0000000000000000000000
0000000000000000000000
0000000000000000000000
0000000000000000000000
0000000000000000000000
0000000000000000000000
0000000000000000000000
0000000000000000000000
0000000000000000000000
0010000000000000000000
0000000000000000000000
0000000000000000000000
0000000000000000000000
0000000000000000000000
0000000000000000000000
0000000000000000000000
0001000000000000000000
0000000000000000000000
0000000000000000000000
0000000000000000000000
0000000000000000000000
0000000000000000000000
0000000000000000000000
0000000000000000000000
0000000000000000000000
0000000000000000000000
0000000000000000000000
0000000000000000000000
0000000000000000000000
0000000000000000000000
0000000000000000000000
0000000000000000000000
0000000000000000000000
0000000000000000000000
0000000000000000000000
0000000000000000000000
0000000000000000000000
0000000000000000000000
0000000000000000000000
0000000000000000000000
0000000000000000000000
0000000000000000000000
0000000000000000000000
0000000000000000000110
0000000000000000000000
0000000000000000000000
0000000000000000000000
0000000000000000000000
0101110111101111111111
0000000000000000000000
0000000000000000000000
0000000000000000000000
0000000000000000000000
0000000000000000000000
0000000000000000000000
0010001001001000001000
0000100001000000000000
0000100000000000000000
0000000000000000000000
0000000000000000000000
0000000000000000000000
0000000000000000000110
0000000000000000000110
0000000000000000000000
0000000000000000000000
0000000000000000000000
0000000000000000000000
0000001000000000100111
0000000000000000000000
1111111111111111111111
0000000000000000000000
0000000000000000000000
0000000000000000000000
0000000000000000000000
0000000000000000000000
0000000000000000000000
0000110001010000000000
0000000000000000000000
0000000000000000000000
0000100111100010100100
0000000000000000000000
0000000000000000000000
0000000000000000000000
