0	1
0	22
0	91
0	350
0	351
0	463
0	717
0	881
0	893
0	1934
0	2021
1	22
1	96
1	209
1	214
1	385
1	406
1	463
2	3
2	10
2	46
2	50
2	144
2	193
2	238
2	239
2	240
2	242
2	248
2	328
2	477
2	536
2	574
2	662
2	669
2	705
2	808
2	1003
2	1011
2	1016
2	1019
2	1369
2	1400
2	1474
2	1502
2	1515
2	1596
2	1686
2	1777
2	1851
2	1888
2	1906
2	1983
2	2205
2	2287
2	2288
2	3020
2	3539
2	4007
3	5
3	46
3	49
3	50
3	239
3	240
3	242
3	248
3	287
3	536
3	574
3	808
3	835
3	1016
3	1511
3	2026
3	2083
3	2102
3	2861
3	3591
4	5
4	317
4	825
4	945
4	1007
4	1163
4	1399
4	1444
4	1761
4	2210
4	2502
5	162
5	206
5	210
5	317
5	324
5	426
5	553
5	633
5	697
5	700
5	723
5	1057
5	1163
5	1253
5	1254
5	1325
5	1411
5	1444
5	1476
5	1626
5	1761
5	2227
5	2526
5	2847
5	3047
5	3606
5	3829
5	3880
6	7
6	83
6	1269
7	169
7	594
7	636
7	746
7	747
7	854
7	1206
7	2096
7	2468
7	2981
8	9
8	29
8	30
8	58
8	59
8	84
8	114
8	127
8	135
8	136
8	223
8	278
8	407
8	452
9	16
9	17
9	29
9	30
9	58
9	59
9	82
9	84
9	114
9	127
9	135
9	136
9	140
9	223
9	241
9	260
9	272
9	278
9	280
9	407
9	444
9	452
9	797
9	1137
9	1580
9	2311
10	11
10	40
10	309
10	337
10	442
10	582
10	587
10	886
10	929
10	1043
10	1356
10	1434
10	1488
10	1641
10	1911
10	2023
11	23
11	39
11	40
11	197
11	215
11	416
11	589
11	750
11	886
11	962
11	974
11	990
11	1230
11	1345
11	1356
11	1397
11	1488
11	1661
11	1930
12	13
12	53
12	60
12	96
12	146
12	157
12	386
12	445
12	477
12	714
12	764
12	765
12	774
12	793
12	825
12	838
12	916
12	1028
12	1052
12	1205
12	1218
12	1331
12	1368
12	1442
12	1615
12	1663
12	1687
12	1720
12	1726
12	1815
12	1854
12	1978
12	2944
13	373
13	604
13	1854
13	3673
14	15
14	474
14	2041
15	197
15	913
16	17
16	82
16	84
16	127
16	135
16	136
16	140
16	223
16	232
16	241
16	260
16	272
16	280
16	444
16	553
16	1137
16	1289
16	1325
16	1404
16	1625
16	1813
16	1957
16	3559
17	29
17	77
17	82
17	84
17	127
17	135
17	136
17	140
17	222
17	223
17	228
17	241
17	260
17	272
17	280
17	444
17	573
17	590
17	663
17	797
17	834
17	1137
17	1289
17	1404
17	1580
17	1668
18	19
18	116
18	216
18	217
18	219
18	583
18	584
18	743
18	757
18	1025
18	1076
18	1157
18	1221
18	1222
18	1611
18	2331
19	383
19	554
19	650
19	876
19	1058
19	1088
19	1643
20	21
20	70
20	73
20	74
20	169
20	281
20	507
20	953
20	1033
20	1167
20	1175
20	1209
20	1220
20	1256
20	1385
20	1958
21	70
21	73
21	103
21	114
21	115
21	174
21	191
21	192
21	329
21	798
21	812
21	833
21	1033
21	1166
21	1167
21	1175
21	1209
21	1220
21	1256
21	1339
21	1385
21	1567
21	1594
21	1596
21	1656
21	2151
21	2203
21	3094
22	23
22	96
22	1325
22	1783
22	2384
23	96
23	313
23	320
23	913
23	972
23	1709
23	1852
23	3497
24	1234
25	26
25	1172
26	2311
26	2595
26	2921
27	28
27	180
27	330
27	383
27	729
27	1378
27	1558
27	2781
28	69
28	180
28	309
28	330
28	383
28	643
28	729
28	1378
28	1558
29	30
29	58
29	59
29	84
29	114
29	127
29	135
29	136
29	223
29	278
29	407
29	452
29	494
30	58
30	59
30	84
30	114
30	127
30	135
30	136
30	223
30	278
30	407
30	452
31	32
31	166
31	167
31	259
31	267
31	389
31	436
31	454
31	505
31	525
31	543
31	624
31	671
31	744
31	793
31	865
31	928
31	1086
31	1112
31	1484
31	1660
31	2123
31	2253
31	2290
31	2548
31	2603
31	2715
31	3182
31	3955
32	167
32	267
32	436
32	935
32	1060
33	34
33	45
33	178
33	181
33	186
33	279
33	339
33	367
33	387
33	478
33	507
33	561
33	562
33	572
33	619
33	687
33	701
33	702
33	712
33	731
33	896
33	926
33	934
33	975
33	976
33	978
33	1153
33	1174
33	1233
33	1240
33	1448
33	1489
33	1649
33	1892
33	2129
33	2143
33	2804
34	45
34	561
34	572
34	926
34	978
34	1584
35	36
35	95
35	116
35	159
35	164
35	219
35	254
35	321
35	364
35	415
35	431
35	449
35	467
35	557
35	627
35	648
35	719
35	785
35	868
35	902
35	911
35	938
35	943
35	1138
35	1248
35	1288
35	1911
35	2300
36	159
36	320
36	363
36	364
36	449
36	785
36	938
36	943
36	1219
36	1312
36	1527
36	1535
36	1889
36	3487
36	3897
37	38
37	232
37	494
37	586
37	664
37	2084
38	128
38	253
38	282
38	493
38	494
38	586
38	660
38	664
38	1020
38	1125
38	1169
38	1260
38	1626
38	2084
39	40
39	87
39	197
39	215
39	416
39	589
39	962
39	1197
39	1230
39	1266
39	1459
40	92
40	197
40	309
40	331
40	337
40	385
40	442
40	603
40	690
40	709
40	887
40	990
40	991
40	1043
40	1089
40	1513
40	1538
40	1651
40	1889
40	2243
41	42
41	143
41	844
41	862
41	1406
41	1652
42	143
42	862
42	1406
42	2300
43	44
43	80
43	81
43	177
43	326
43	355
43	420
43	453
43	549
43	697
43	1202
44	80
44	81
44	326
44	327
44	453
44	607
44	664
44	3101
45	186
45	507
45	508
45	561
45	562
45	572
45	687
45	702
45	712
45	731
45	896
45	926
45	933
45	934
45	975
45	976
45	978
45	1153
45	1174
45	1196
45	1233
45	1668
45	1892
45	1897
45	2143
46	49
46	50
46	92
46	239
46	240
46	242
46	248
46	287
46	536
46	574
46	808
46	835
46	892
46	1016
46	1136
47	48
47	77
47	78
47	79
47	132
47	190
47	230
47	409
47	852
47	864
47	1633
48	77
48	78
48	79
48	132
48	190
48	230
48	409
48	410
48	852
48	864
48	1633
49	50
49	239
49	240
49	242
49	248
49	536
49	574
49	808
49	835
49	1016
50	239
50	240
50	242
50	248
50	287
50	395
50	536
50	574
50	808
50	835
50	1016
50	1498
50	2407
51	52
51	63
51	66
51	161
51	274
51	710
51	778
51	967
51	1310
51	1880
52	63
52	66
52	274
52	710
52	778
52	1048
52	1880
52	2300
52	2311
52	2730
53	96
53	612
53	714
53	1165
53	1510
54	55
54	636
54	713
54	804
54	964
54	1241
54	1537
54	1946
54	2066
55	69
55	245
55	292
55	293
55	306
55	324
55	395
55	397
55	466
55	511
55	573
55	603
55	681
55	683
55	686
55	763
55	1155
55	1498
55	1564
55	1577
55	3902
56	57
56	456
56	745
56	2456
57	127
57	150
57	175
57	195
57	365
57	377
57	378
57	500
57	590
57	664
57	759
57	807
57	1008
57	1072
57	1097
57	1607
57	1830
57	2028
57	2415
57	2479
57	2731
57	2759
57	3524
57	3576
58	59
58	84
58	114
58	127
58	135
58	136
58	223
58	278
58	407
58	452
58	585
58	639
58	2311
59	84
59	114
59	127
59	135
59	136
59	223
59	278
59	407
59	452
59	509
60	905
60	1284
60	1441
61	62
61	542
61	1431
61	2794
63	66
63	274
63	677
63	678
63	710
63	778
63	1310
63	1374
63	1880
63	2728
63	2987
63	3022
63	3344
63	3433
64	65
64	211
64	283
64	380
64	531
64	532
64	557
64	735
64	740
64	828
64	861
64	1027
64	1061
64	1133
64	1232
64	1410
64	1503
64	1543
64	1583
64	1638
64	1919
64	2153
64	2198
65	211
65	531
65	861
66	164
66	206
66	628
66	710
66	1310
66	1880
67	68
67	116
67	137
67	528
67	857
67	890
67	905
67	1931
67	2057
68	201
68	528
68	942
68	3281
69	70
69	103
69	174
69	175
69	292
69	306
69	397
69	511
69	683
70	85
70	103
70	115
70	153
70	154
70	174
70	192
70	293
70	329
70	484
70	511
70	643
70	833
70	851
70	1042
70	1167
70	1256
70	1297
70	1592
70	1829
71	72
71	612
71	1187
72	495
72	612
72	838
72	936
72	1187
73	74
73	309
73	1033
73	1175
73	1209
73	1256
73	1385
73	1515
74	1033
74	2311
75	76
75	189
75	1125
76	116
76	454
76	463
76	1303
76	1331
76	1793
76	1847
76	2105
76	2413
76	2552
76	2740
76	2745
76	3095
76	3713
77	78
77	79
77	132
77	190
77	230
77	294
77	409
77	558
77	563
77	852
77	936
77	1420
77	1510
77	1633
77	2588
78	79
78	132
78	190
78	230
78	409
78	410
78	852
78	864
79	132
79	190
79	230
79	409
79	410
79	852
79	2311
80	81
80	453
80	697
81	256
81	453
82	127
82	135
82	136
82	140
82	223
82	241
82	260
82	272
82	280
82	444
82	797
82	1137
82	1289
82	1580
83	168
83	291
83	890
83	1269
84	103
84	114
84	127
84	135
84	136
84	138
84	140
84	223
84	224
84	228
84	232
84	260
84	278
84	280
84	333
84	407
84	435
84	445
84	452
84	509
84	625
84	626
84	639
84	640
84	660
84	680
84	923
84	999
84	1125
84	1137
84	1155
84	1302
84	1498
84	1564
84	1642
84	1733
84	1823
85	103
85	104
86	87
86	205
86	451
86	462
86	510
86	612
86	637
86	783
86	841
86	1381
86	1420
87	205
87	575
87	576
87	597
87	962
87	1184
87	1303
87	1331
87	1681
87	1838
87	2177
87	2292
87	2296
87	3773
88	89
88	201
88	506
88	593
88	1327
88	2785
89	120
89	179
89	200
89	201
89	277
89	506
89	593
89	832
89	998
89	2374
90	91
90	1198
90	2360
91	169
91	206
91	219
91	790
91	1198
91	1945
91	2408
91	2617
91	3885
92	93
92	98
92	117
92	118
92	331
92	435
92	465
92	590
92	704
92	705
92	1268
92	1357
92	1674
92	1686
92	1729
92	1743
92	1761
92	1780
92	3509
93	2311
94	95
94	133
94	243
94	245
94	321
94	400
94	458
94	459
94	551
94	573
94	626
94	938
95	116
95	124
95	159
95	218
95	219
95	245
95	298
95	305
95	573
95	606
95	643
95	781
95	820
95	902
95	969
95	999
95	1186
95	1441
95	2164
95	2192
95	2211
95	2222
96	214
96	385
96	406
96	893
96	913
96	1706
96	1922
97	506
97	664
97	1203
97	1664
97	1918
97	1984
97	2051
97	2530
97	2638
97	2857
97	2961
97	2969
97	3039
97	3155
97	3238
97	3369
97	3436
97	3479
97	3496
97	3570
97	3743
98	390
98	1708
98	1817
99	100
99	680
99	1642
100	680
100	2657
101	102
101	129
101	186
101	250
101	296
101	297
101	339
101	386
101	430
101	465
101	503
101	537
101	608
101	701
101	879
101	896
101	937
101	979
101	1021
101	1027
101	1272
101	1382
101	1392
101	1525
101	1542
101	1555
101	1600
101	1611
101	2064
102	103
102	242
102	287
102	536
102	574
102	908
102	939
103	104
103	114
103	115
103	174
103	175
103	191
103	192
103	232
103	268
103	281
103	287
103	291
103	309
103	329
103	344
103	365
103	378
103	437
103	484
103	500
103	536
103	574
103	664
103	683
103	796
103	798
103	833
103	851
103	905
103	907
103	939
103	1007
103	1042
103	1072
103	1166
103	1167
103	1280
103	1328
103	1462
103	1486
103	1592
103	1754
103	1829
103	1906
103	1958
103	2101
103	2203
103	2221
104	169
104	1285
105	106
105	251
105	252
105	318
105	319
105	381
105	382
105	508
105	541
105	553
105	777
105	919
105	1164
105	1325
105	1992
105	2300
105	2536
105	3519
106	251
106	252
106	381
106	382
106	541
106	777
106	1325
106	1745
107	725
107	726
107	753
107	2138
108	109
108	1046
108	1047
108	1963
108	2016
108	2041
108	2061
108	2702
109	404
109	752
109	2003
110	111
110	138
110	170
110	345
110	522
110	523
110	560
110	612
110	829
110	924
110	983
110	1173
110	1259
110	1348
110	1423
110	1425
110	1528
110	1784
110	1993
110	2009
110	2059
110	2105
110	3988
111	138
111	170
111	261
111	262
111	275
111	333
111	544
111	612
111	766
111	767
111	768
111	824
111	829
111	924
111	931
111	1038
111	1348
111	1349
111	1454
111	1467
111	1528
111	1773
111	2144
111	2174
112	113
112	379
112	389
112	760
112	1045
112	1811
113	379
113	455
113	577
113	1044
113	1045
113	1415
114	115
114	127
114	135
114	136
114	174
114	192
114	198
114	223
114	225
114	243
114	278
114	329
114	346
114	347
114	365
114	400
114	407
114	452
114	498
114	499
114	664
114	673
114	691
114	694
114	763
114	833
114	999
114	1166
114	1167
114	1199
114	1774
114	1856
114	2213
114	3134
115	169
115	174
115	192
115	664
115	833
115	1166
115	1754
116	159
116	169
116	180
116	211
116	217
116	219
116	263
116	305
116	321
116	338
116	341
116	383
116	401
116	416
116	482
116	495
116	503
116	541
116	545
116	678
116	711
116	743
116	761
116	781
116	782
116	858
116	885
116	894
116	895
116	902
116	998
116	1011
116	1047
116	1148
116	1153
116	1238
116	1253
116	1254
116	1317
116	1321
116	1358
116	1380
116	1397
116	1440
116	1448
116	1449
116	1460
116	1465
116	1483
116	1493
116	1510
116	1529
116	1533
116	1538
116	1545
116	1553
116	1589
116	1590
116	1607
116	1643
116	1654
116	1664
116	1691
116	1699
116	1735
116	1786
116	1805
116	1809
116	1827
116	1831
116	1847
116	1856
116	1881
116	1974
116	1978
116	1990
116	1998
116	2030
116	2031
116	2067
116	2098
116	2101
116	2162
116	2241
116	2246
116	2335
116	2336
116	2379
116	2380
116	2389
116	2471
116	2478
116	2486
116	2493
116	2513
116	2533
116	2582
116	2608
116	2633
116	2675
116	2679
116	2700
116	2731
116	2734
116	2758
116	2851
116	2855
116	2892
116	2904
116	2932
116	2974
116	3007
116	3022
116	3048
116	3050
116	3080
116	3097
116	3126
116	3146
116	3165
116	3166
116	3212
116	3224
116	3227
116	3247
116	3259
116	3300
116	3321
116	3362
116	3374
116	3418
116	3421
116	3425
116	3461
116	3564
116	3604
116	3627
116	3790
116	3947
116	4000
117	118
117	1231
117	1268
118	435
119	120
119	1198
119	1546
119	3082
120	237
120	703
120	1546
120	2457
121	122
121	159
121	874
122	758
122	874
123	124
123	245
123	495
123	606
123	630
123	631
123	668
123	739
123	1040
123	1186
123	1373
123	1506
124	243
124	244
124	245
124	291
124	319
124	321
124	400
124	444
124	459
124	509
124	517
124	551
124	573
124	646
124	1359
125	126
125	866
125	987
126	286
126	866
127	135
127	136
127	140
127	223
127	241
127	260
127	272
127	278
127	280
127	407
127	444
127	452
127	590
127	1137
127	1289
127	1580
127	1626
127	2940
127	3353
128	256
128	494
128	586
128	660
128	1338
128	1374
128	1932
129	186
129	249
129	250
129	296
129	297
129	339
129	386
129	430
129	465
129	537
129	896
129	937
129	1392
129	1489
129	1962
129	2349
129	2374
129	2606
130	131
130	295
130	349
130	426
130	1237
130	2011
131	295
131	1237
132	190
132	230
132	409
132	410
132	852
133	134
133	163
133	231
133	289
133	290
133	555
133	556
133	811
133	901
133	940
133	968
134	163
134	257
134	258
134	289
134	290
134	659
134	663
134	940
134	1071
134	1157
134	1162
135	136
135	140
135	223
135	241
135	260
135	272
135	278
135	280
135	407
135	444
135	452
135	590
135	797
135	1125
135	1137
135	1274
135	1580
135	2228
135	2313
135	3056
136	140
136	223
136	241
136	260
136	272
136	278
136	280
136	407
136	444
136	452
136	660
136	797
136	1137
136	1289
136	1580
137	1582
138	139
138	170
138	228
138	241
138	261
138	275
138	333
138	345
138	371
138	544
138	766
138	767
138	824
138	829
138	924
138	1348
138	1349
138	1365
138	1454
138	1467
138	1773
138	2174
138	2374
139	291
139	1453
140	223
140	232
140	241
140	260
140	272
140	280
140	444
140	1137
140	1289
140	1580
141	142
141	585
141	658
141	1587
141	1857
141	2056
141	2674
141	3202
142	155
142	585
142	658
142	844
142	1015
142	1857
142	2667
142	3137
142	3909
143	862
143	1406
144	669
144	1500
144	2285
145	146
145	941
145	1519
146	464
146	540
146	623
146	661
146	941
146	1017
146	1097
146	1519
147	148
148	695
148	696
148	796
148	1260
148	1778
149	150
149	1741
150	1741
151	152
151	285
151	576
151	612
151	1080
151	1364
152	252
152	1080
152	1364
153	154
153	796
153	851
153	1297
154	433
154	458
154	573
154	796
154	1050
154	1297
154	1346
155	156
155	585
155	1932
156	232
156	585
156	1091
156	1120
156	1265
156	2471
157	158
157	405
157	581
157	719
157	897
157	1460
158	305
158	582
159	160
159	165
159	169
159	195
159	219
159	254
159	305
159	321
159	364
159	408
159	425
159	449
159	450
159	480
159	502
159	504
159	568
159	593
159	644
159	648
159	652
159	719
159	723
159	785
159	818
159	820
159	868
159	902
159	911
159	938
159	943
159	980
159	1000
159	1013
159	1040
159	1045
159	1048
159	1059
159	1093
159	1131
159	1171
159	1182
159	1198
159	1259
159	1288
159	1299
159	1331
159	1393
159	1394
159	1423
159	1433
159	1435
159	1527
159	1546
159	1562
159	1591
159	1615
159	1690
159	1729
159	1777
159	1785
159	1822
159	1836
159	1852
159	1881
159	1967
159	2050
159	2107
159	2138
159	2162
159	2281
159	2347
159	2356
159	2363
159	2372
159	2410
159	2424
159	2462
159	2494
159	2499
159	2500
159	2545
159	2570
159	2592
159	2596
159	2633
159	2650
159	2651
159	2654
159	2676
159	2680
159	2713
159	2733
159	2765
159	2802
159	2845
159	2852
159	2881
159	2894
159	2898
159	2905
159	2951
159	2994
159	3062
159	3063
159	3112
159	3127
159	3143
159	3174
159	3180
159	3185
159	3196
159	3354
159	3374
159	3385
159	3398
159	3412
159	3430
159	3440
159	3493
159	3531
159	3541
159	3664
159	3690
159	3700
159	3836
159	3853
159	3858
159	3932
159	3972
160	218
160	219
160	298
160	408
160	480
160	502
160	592
160	1312
160	1325
160	2080
162	163
162	170
162	171
162	555
162	1116
162	1816
162	1924
163	257
163	258
163	289
163	659
163	663
163	1071
163	1948
164	165
164	218
164	251
164	298
164	299
164	386
164	415
164	480
164	503
164	504
164	546
164	664
164	690
164	820
164	827
164	969
164	1048
164	1059
164	1064
164	1193
164	1219
164	1312
164	1333
164	1355
164	1721
164	1765
164	1777
164	1907
164	1949
164	2107
164	2265
164	2502
164	2518
164	2545
164	2617
164	2803
164	3092
164	3214
164	3221
164	3571
164	3584
165	1262
165	1574
165	1580
165	2697
166	167
166	189
166	543
166	563
166	612
166	717
166	893
166	1060
166	1234
166	1437
166	1547
167	202
167	267
167	436
167	454
167	505
167	543
167	564
167	624
167	671
167	1086
167	1113
167	1660
167	2123
167	2290
167	2291
167	2548
167	2603
167	2708
168	169
168	1083
168	1859
169	189
169	197
169	210
169	226
169	288
169	310
169	328
169	470
169	567
169	581
169	597
169	604
169	729
169	779
169	782
169	815
169	890
169	892
169	1078
169	1083
169	1124
169	1136
169	1204
169	1285
169	1295
169	1371
169	1374
169	1460
169	1604
169	1645
169	1683
169	1707
169	1716
169	1859
169	1873
169	1927
169	1938
169	1960
169	2002
169	2004
169	2007
169	2028
169	2121
169	2131
169	2311
169	2374
169	3080
169	3100
169	3162
169	3205
169	3449
170	171
170	254
170	261
170	262
170	275
170	345
170	544
170	766
170	767
170	824
170	829
170	924
170	1348
170	1349
170	1365
170	1374
170	1467
170	1528
170	1773
170	1816
170	2174
170	2311
170	3952
171	1116
171	1135
171	1816
171	1924
171	3826
172	173
172	208
172	218
172	533
172	542
172	553
172	723
172	1087
172	1117
172	1309
172	1316
172	1456
172	2542
173	447
173	533
173	553
174	175
174	192
174	232
174	329
174	484
174	664
174	683
174	833
174	1166
174	1167
174	1829
174	2407
175	192
175	195
175	232
175	286
175	362
175	365
175	377
175	378
175	427
175	500
175	664
175	683
175	759
175	771
175	789
175	831
175	875
175	912
175	1030
175	1072
175	1095
175	1180
175	1280
175	1374
176	177
176	836
176	2208
177	420
177	836
177	2323
178	181
178	279
178	352
178	702
178	978
179	201
179	247
179	311
179	421
179	422
179	443
179	506
179	593
179	595
179	703
179	752
179	1018
179	1712
180	219
180	330
180	383
180	643
180	729
180	1378
180	1558
181	279
181	561
181	1813
181	2266
181	2553
182	183
182	844
182	945
182	1111
182	1112
182	1311
182	1442
182	1512
182	1932
182	2187
182	2303
183	844
183	1848
183	2300
183	2311
184	185
184	209
184	518
184	519
184	946
184	961
184	1065
184	1714
185	316
185	519
185	946
185	961
186	187
186	250
186	279
186	297
186	339
186	359
186	430
186	465
186	489
186	507
186	508
186	537
186	561
186	562
186	619
186	701
186	702
186	712
186	896
186	926
186	934
186	937
186	978
186	1174
186	1233
186	1301
186	1428
186	1447
186	1448
186	1457
186	1489
186	1505
186	1524
186	1649
186	1801
186	1892
186	1952
186	1962
186	2148
187	465
187	896
187	1457
187	1962
187	3043
188	189
188	333
188	404
188	413
188	439
188	455
188	485
188	547
188	676
188	931
188	1676
188	3029
189	333
189	438
189	439
189	547
189	607
189	644
189	688
189	892
189	1079
189	1207
189	1279
189	1637
189	1730
189	1759
189	1853
189	1999
189	2268
190	230
190	409
190	410
190	852
190	864
190	1633
191	192
191	329
191	372
191	437
191	672
191	833
191	980
191	981
191	1152
192	281
192	329
192	365
192	484
192	833
192	1166
192	1167
192	1486
192	1571
192	1829
192	1958
192	2203
192	2221
193	413
193	543
193	1011
193	1369
194	195
194	414
194	1412
195	232
195	362
195	365
195	366
195	377
195	378
195	427
195	500
195	664
195	759
195	789
195	875
195	912
195	1030
195	1072
195	1095
195	1180
195	1374
195	1412
195	2374
195	2728
196	197
196	598
196	1557
196	2331
196	2868
197	198
197	215
197	368
197	400
197	445
197	551
197	598
197	675
197	758
197	932
197	1082
197	1336
197	1433
197	1531
197	1557
197	1597
197	1689
197	2060
198	199
198	400
198	445
198	999
198	1149
198	1774
198	2032
198	2201
198	2213
199	400
199	445
199	999
199	1149
199	2032
199	2201
199	2213
200	201
200	277
200	506
200	832
200	1347
200	1517
200	2051
201	247
201	277
201	311
201	421
201	506
201	593
201	832
201	838
201	1327
202	1318
202	2477
203	204
203	1322
203	2972
204	1322
204	3462
205	285
205	637
205	1381
205	1420
205	1601
206	207
206	256
206	353
206	381
206	420
206	478
206	551
206	620
206	639
206	664
206	690
206	775
206	822
206	889
206	970
206	1033
206	1108
206	1117
206	1191
206	1192
206	1366
206	1389
206	1492
206	1603
206	1611
206	1654
206	1658
206	1766
206	1833
206	1999
206	2019
206	2198
206	2346
206	2376
206	2397
206	2405
206	2424
206	2514
206	2543
206	2670
206	2686
206	2780
206	2835
206	2935
206	2939
206	3021
206	3052
206	3099
206	3125
206	3138
206	3210
206	3265
206	3333
206	3399
206	3416
206	3422
206	3460
206	3532
206	3602
206	3668
206	3739
206	3741
206	3789
206	3808
206	3832
206	3867
206	3890
206	3954
207	1766
207	2236
208	209
208	368
208	463
208	843
208	869
208	893
208	920
208	1075
208	1177
208	1437
208	1487
208	1547
208	1640
208	1709
208	2120
209	294
209	463
209	519
209	717
209	863
209	893
209	961
209	1065
210	313
210	2517
211	212
211	219
211	283
211	284
211	302
211	380
211	391
211	392
211	531
211	532
211	557
211	735
211	822
211	828
211	861
211	933
211	1027
211	1084
211	1102
211	1133
211	1216
211	1232
211	1236
211	1273
211	1410
211	1503
211	1602
211	1638
211	1679
211	1794
211	1919
211	2152
211	2153
211	2198
211	2202
211	2240
211	2272
211	2914
212	380
212	532
212	828
212	861
213	214
213	385
213	612
213	737
214	369
214	406
214	428
214	545
214	906
214	1760
214	2350
215	488
215	962
216	217
216	583
216	584
216	643
216	743
216	879
216	1025
216	1076
216	1157
216	1175
216	1221
216	1222
216	1611
216	1747
216	1926
217	583
217	584
217	743
217	879
217	974
217	1025
217	1076
217	1157
217	1221
217	1222
217	1374
217	1503
217	1542
217	1611
218	219
218	321
218	592
218	700
218	719
218	723
218	910
218	938
218	976
218	1048
218	1164
218	1253
218	1266
218	1312
218	1325
218	1782
218	1871
218	2352
218	2494
218	2545
219	298
219	305
219	321
219	354
219	401
219	459
219	480
219	495
219	573
219	781
219	794
219	820
219	895
219	902
219	969
219	1312
219	1420
219	1460
219	1529
219	1590
219	1607
219	1664
219	1691
219	1795
219	1797
219	1809
219	2030
219	2067
219	2335
219	2336
219	2380
219	2478
219	2503
219	2679
219	2855
219	3007
219	3022
219	3181
219	3247
219	3425
219	3844
220	221
220	508
220	1005
220	1249
220	1657
220	1776
220	1876
220	3032
221	1507
222	223
222	580
222	842
223	241
223	260
223	272
223	278
223	280
223	407
223	444
223	452
223	590
223	660
223	797
223	1137
223	1289
223	1580
223	1738
223	2161
223	2429
223	2667
223	2913
224	225
224	243
224	354
224	399
224	691
224	692
224	694
224	812
224	922
224	960
224	1092
224	1468
224	1516
224	1536
224	1733
225	243
225	346
225	347
225	354
225	498
225	499
225	691
225	692
225	694
225	812
225	922
225	960
225	1092
225	1199
225	1516
225	1536
225	1733
226	227
227	1114
227	2482
227	2728
228	229
228	232
228	377
228	500
228	664
228	797
228	831
228	1280
228	1365
228	1768
229	1879
229	2090
230	409
230	852
231	289
231	290
231	555
231	556
231	663
231	811
231	901
231	1894
231	2762
232	268
232	378
232	435
232	451
232	468
232	588
232	621
232	626
232	683
232	691
232	716
232	773
232	835
232	1044
232	1080
232	1182
232	1194
232	1210
232	1237
232	1393
232	1424
232	1427
232	1454
232	1482
232	1497
232	1590
232	1778
232	1894
232	1913
232	1971
232	1977
232	1988
232	2138
232	2172
232	2201
232	2238
232	2294
232	2333
232	2374
232	2428
232	2491
232	2496
232	2505
232	2511
232	2574
232	2579
232	2604
232	2655
232	2663
232	2706
232	2719
232	2729
232	2782
232	2822
232	2833
232	2844
232	2851
232	2878
232	2926
232	2927
232	2964
232	3045
232	3062
232	3067
232	3084
232	3169
232	3176
232	3207
232	3361
232	3392
232	3395
232	3408
232	3508
232	3527
232	3557
232	3558
232	3594
232	3618
232	3619
232	3645
232	3705
232	3726
232	3775
232	3780
232	3811
232	3856
232	3873
233	234
233	557
233	755
233	861
233	1514
233	1613
233	1636
233	2311
233	2930
233	3682
233	3727
233	3792
234	415
234	1318
235	236
235	1520
235	2311
235	2374
236	2084
236	2870
238	2721
238	3398
239	240
239	242
239	248
239	287
239	536
239	574
239	808
239	835
239	1016
239	2083
240	242
240	248
240	536
240	574
240	808
240	835
240	909
240	970
240	971
240	992
240	1016
240	1210
240	2083
241	260
241	272
241	280
241	444
241	590
241	603
241	797
241	820
241	1137
241	1289
241	1580
242	248
242	536
242	574
242	808
242	835
242	907
242	1016
242	1566
242	3070
243	245
243	354
243	483
243	681
243	691
243	692
243	694
243	812
243	922
243	960
243	1092
243	1263
243	1516
243	1536
243	1550
243	1733
244	245
244	517
244	606
244	655
244	838
244	859
244	888
244	1186
244	1242
245	321
245	400
245	444
245	458
245	509
245	511
245	517
245	551
245	573
245	646
245	675
245	1186
245	1516
245	1610
245	1847
245	2137
245	2172
245	2232
245	2233
245	3426
245	3902
246	247
246	468
246	469
246	977
246	1327
247	468
247	469
247	977
247	1203
247	1327
248	287
248	536
248	574
248	808
248	835
248	1016
249	250
249	282
249	297
249	386
249	430
249	537
249	937
249	1392
249	1525
249	3687
250	296
250	297
250	386
250	430
250	465
250	504
250	537
250	702
250	937
250	1392
250	1489
250	1962
251	252
251	381
251	382
251	541
251	939
251	1745
251	1932
251	2130
252	269
252	381
252	382
252	2052
253	2526
254	255
254	314
254	504
254	582
254	627
254	1675
255	557
255	755
256	738
256	3852
257	258
257	659
257	663
257	844
257	940
257	1071
258	659
258	663
258	1071
259	525
259	779
260	272
260	280
260	444
260	797
260	1137
260	1289
260	1580
261	262
261	275
261	333
261	345
261	544
261	766
261	767
261	824
261	829
261	924
261	1092
261	1348
261	1349
261	1365
261	1454
261	1467
261	1528
261	1773
261	1849
261	2144
261	2174
262	275
262	544
262	766
262	767
262	824
262	829
262	924
262	1348
262	1454
262	1467
262	2174
262	2262
263	264
263	1008
263	1553
263	1719
264	1553
264	1719
265	266
265	320
265	421
265	617
265	667
265	752
265	974
265	1374
265	3857
266	323
266	667
266	772
266	1347
266	1518
267	624
267	1060
267	1166
269	974
270	271
270	2728
271	647
271	853
271	854
271	891
271	1115
271	1403
272	280
272	444
272	797
272	1137
272	1289
272	1580
273	274
273	1213
274	424
274	778
274	1213
274	2303
274	2983
275	345
275	544
275	766
275	767
275	824
275	829
275	924
275	1348
275	1349
275	1365
275	1467
275	1528
275	1773
275	2174
276	277
276	363
276	832
276	982
276	1099
277	506
277	832
277	982
277	3051
277	3976
278	407
278	452
278	1595
279	561
279	572
279	974
279	978
280	444
280	798
280	1137
281	833
281	974
281	1166
281	1339
281	2151
282	309
282	386
282	430
282	503
282	504
282	937
282	1219
282	2236
282	2303
282	2641
283	284
283	380
283	531
283	532
283	740
283	828
283	861
283	1061
283	1102
283	1273
283	1679
283	1794
283	2206
283	2331
284	531
284	633
284	1102
284	1232
284	1273
284	1679
284	2198
284	2240
285	563
285	612
285	717
285	821
285	1060
285	1129
285	1234
285	2311
286	365
286	586
286	664
286	798
286	875
286	1280
286	2150
287	574
287	616
287	908
287	939
287	1016
287	2533
288	495
288	566
288	567
288	693
288	791
288	813
288	843
288	920
288	1053
288	1075
288	1124
288	1565
288	1917
289	290
289	555
289	556
289	901
289	968
289	1911
290	555
290	556
290	901
290	968
290	1591
290	1613
291	640
291	1936
291	2491
291	2501
292	293
292	306
292	397
292	511
292	683
292	979
293	395
293	511
293	1155
293	1498
293	1564
294	295
294	370
294	497
294	814
294	936
294	1350
294	2315
294	3184
295	927
296	297
296	430
296	537
296	937
296	1164
297	386
297	430
297	537
297	896
297	937
297	1392
297	1489
298	299
298	321
298	325
298	364
298	480
298	517
298	554
298	938
298	969
298	1000
298	1064
298	1449
298	1573
298	1628
298	1630
298	1899
298	1907
298	2311
300	301
300	1158
300	1390
300	2661
301	974
301	1064
301	1158
301	1220
301	1390
301	1620
301	2107
301	2374
301	2478
302	531
302	755
302	861
302	1027
302	1084
302	1679
302	2055
303	304
304	761
304	2303
305	415
305	581
305	648
305	902
306	395
306	397
306	511
306	683
306	1142
306	2311
307	308
307	373
307	374
307	482
307	548
307	568
307	754
307	773
307	1145
307	1800
307	1887
308	373
308	374
308	482
308	548
308	568
308	754
308	773
308	780
308	1145
309	486
309	877
309	974
309	1006
309	1043
309	1156
309	1588
309	1667
309	1705
309	1742
309	1864
309	2089
309	2113
309	2311
309	2746
309	2785
309	3887
310	2311
311	506
311	593
311	1018
311	2407
311	3621
312	313
312	1830
312	1982
313	379
313	460
313	632
313	1057
313	1249
313	2041
313	2122
313	2886
313	2901
313	2986
313	3040
313	3783
313	3859
314	550
314	582
314	627
315	316
316	762
316	920
316	1547
316	1640
316	1996
316	2114
317	1163
318	319
318	1342
318	1870
320	321
320	592
320	761
320	874
320	927
320	939
320	1146
320	1934
320	2001
320	2103
320	2374
320	2545
320	2831
320	2877
320	2886
320	2980
320	3238
320	3369
320	3370
320	3393
320	3464
320	3629
320	3731
321	342
321	435
321	557
321	573
321	592
321	643
321	781
321	801
321	820
321	921
321	1186
321	1568
321	1625
321	1664
321	2234
321	3821
322	323
322	426
322	611
322	1154
322	1640
323	401
323	425
323	838
323	1059
323	1081
323	1347
323	1518
323	1865
323	1961
323	2200
324	500
324	501
324	2602
326	327
326	453
326	1451
326	1639
326	1818
327	388
327	903
327	922
327	1325
327	1898
327	1959
327	2308
327	2587
327	3758
328	334
328	986
328	3818
329	365
329	386
329	484
329	1166
329	1167
329	2203
329	2311
329	2374
329	2595
330	383
330	548
330	643
330	729
330	1378
330	1558
331	579
331	1932
331	2331
332	333
332	859
333	345
333	455
333	547
333	768
333	824
333	1275
333	1349
333	1365
333	1737
333	2922
334	986
334	1948
335	336
335	433
335	440
335	559
335	850
335	985
335	1126
335	1176
335	1533
336	850
336	1126
336	1176
337	338
337	598
337	1434
337	1513
337	1634
337	1689
337	1772
337	1921
338	388
338	663
338	1813
338	1932
338	2408
338	2527
338	2877
339	430
339	465
339	537
339	702
339	712
339	896
339	930
339	937
339	1457
339	1962
339	2311
340	341
340	384
340	1123
341	507
341	531
341	741
341	999
341	1102
341	1175
341	1273
341	1274
341	1428
341	1542
341	1608
341	1728
341	1804
341	1840
341	1885
341	1981
341	2156
341	2158
341	2204
341	3171
341	3194
342	454
343	344
344	814
344	965
344	1060
344	1077
344	1367
344	1401
344	1466
344	1722
344	1835
344	1875
345	766
345	767
345	824
345	978
345	1320
345	1349
345	1365
345	1454
345	1655
345	3054
345	3824
346	347
346	498
346	499
346	590
346	673
346	691
346	694
346	1199
346	1235
346	1856
346	2999
347	498
347	499
347	673
347	691
347	694
347	1199
347	1856
347	2331
347	2999
348	349
348	401
348	460
348	461
348	471
348	595
348	611
348	903
348	1034
348	1057
348	1237
348	1296
348	1391
348	1581
348	2374
349	401
349	425
349	1338
350	351
350	385
350	737
350	881
350	1701
350	1755
350	1896
351	886
351	2440
351	3407
352	353
352	415
352	867
352	1615
352	1643
352	1808
352	2142
352	3482
353	811
353	1392
353	2115
353	2142
353	2160
353	3999
354	664
354	691
354	692
354	694
354	812
354	922
354	960
354	1092
354	1263
354	1468
354	1516
354	1536
354	1733
354	2077
354	2197
355	453
355	697
356	357
356	2462
357	966
357	1612
358	359
358	619
358	701
358	702
358	1489
358	1643
358	1668
358	1795
358	1797
358	1882
358	2102
358	2145
358	2149
358	2161
358	3276
358	3695
359	896
359	1088
359	1643
359	1668
359	1714
359	1797
359	1882
359	2102
359	2145
359	2149
359	2161
359	3276
360	361
360	879
360	1747
360	1926
360	2057
360	2384
360	2851
360	3507
361	1992
361	2076
362	365
362	377
362	378
362	427
362	500
362	664
362	759
362	771
362	789
362	875
362	912
362	1030
362	1072
362	1095
362	1180
362	1374
363	364
363	429
363	449
363	785
363	832
363	943
363	982
363	1527
363	3751
364	449
364	785
364	943
364	1312
364	1527
365	366
365	377
365	378
365	427
365	500
365	664
365	759
365	771
365	789
365	833
365	875
365	912
365	1030
365	1072
365	1180
365	1280
366	377
366	378
366	590
366	664
366	759
366	771
366	875
366	912
366	1072
366	1095
366	1180
366	1285
366	1374
368	575
368	1779
369	385
369	972
369	997
369	1508
369	2220
370	449
370	612
370	1824
370	1891
370	1977
371	1173
371	1365
371	2162
372	437
372	672
372	980
372	981
372	1152
373	374
373	398
373	482
373	548
373	568
373	754
373	773
373	817
373	1028
373	1145
373	1285
373	1800
373	1887
374	398
374	482
374	548
374	754
374	773
374	817
374	1887
374	3338
375	376
375	913
376	893
376	913
377	378
377	500
377	590
377	664
377	759
377	780
377	789
377	875
377	912
377	1030
377	1072
377	1095
377	1180
377	1285
378	500
378	664
378	759
378	771
378	875
378	912
378	1023
378	1030
378	1072
378	1238
378	1374
378	2595
379	455
379	506
379	667
379	752
379	1045
379	2625
379	2899
379	3025
380	531
380	532
380	557
380	600
380	735
380	740
380	822
380	828
380	861
380	1027
380	1084
380	1133
380	1216
380	1232
380	1298
380	1602
380	1638
380	1679
380	1794
380	2153
380	2154
380	2155
380	2159
380	2198
381	382
381	541
381	777
381	1745
382	541
382	1325
382	1881
382	2336
383	643
383	713
383	729
383	1378
383	1558
383	2171
383	3155
384	385
384	838
385	406
385	428
385	545
385	717
385	906
385	1144
385	1367
385	1760
385	2523
385	2876
385	3654
386	415
386	430
386	537
386	558
386	616
386	650
386	937
386	1392
386	1525
386	1816
386	3292
386	3433
387	978
387	1584
387	2008
388	389
388	401
388	446
388	503
388	692
388	751
388	895
388	968
388	1043
388	1204
388	1244
388	1253
388	1255
388	1321
388	1325
388	1342
388	1358
388	1420
388	1476
388	1483
388	1509
388	1529
388	1589
388	1607
388	1621
388	1653
388	1691
388	1786
388	1805
388	1827
388	1881
388	2002
388	2025
388	2030
388	2031
388	2040
388	2313
388	2380
388	2408
388	2478
388	2503
388	2533
388	2608
388	2633
388	2679
388	2700
388	2734
388	2855
388	2904
388	2932
388	3007
388	3146
388	3175
388	3247
388	3632
388	3706
389	401
389	425
389	506
389	1225
389	1227
389	2253
391	392
391	516
391	618
391	718
391	821
391	933
391	935
392	481
392	516
392	718
392	821
392	933
393	394
393	1056
393	1085
393	1251
393	1360
393	1577
393	1677
393	1752
393	1902
394	1085
394	1577
394	1677
394	1752
394	1806
394	1902
395	396
395	511
395	683
395	1077
395	1155
395	1498
395	1515
395	1562
395	1564
395	1710
395	1725
395	2058
395	2451
397	511
397	683
397	978
397	1866
397	2346
397	2387
397	3190
398	482
398	817
398	2817
399	890
399	891
399	925
399	1650
399	1733
400	445
400	551
400	552
400	573
400	653
400	654
400	675
400	758
400	786
400	797
400	817
400	932
400	950
400	993
400	999
400	1139
400	1149
400	1300
400	1693
400	1774
400	2201
401	460
401	611
401	667
401	788
401	939
401	1237
401	1296
401	1391
401	1627
401	1666
401	1832
401	2408
402	403
402	534
402	535
402	649
402	834
402	964
402	1334
403	535
403	569
403	638
403	834
403	844
403	1912
404	405
404	819
404	1249
404	1281
404	1965
404	2016
405	599
405	1047
405	1104
405	1200
405	1276
407	452
407	660
407	1533
407	1847
408	480
408	502
408	3651
408	3968
409	410
409	852
409	864
409	1166
409	1195
409	1633
410	1259
410	2842
411	412
411	984
411	985
411	1051
411	1377
411	1472
411	1610
411	1624
411	2175
412	433
412	844
412	974
412	985
412	1051
412	1228
413	414
413	444
413	591
413	605
413	711
413	713
413	724
413	734
413	816
413	831
413	1119
413	1125
413	1180
413	1208
413	1280
413	1283
413	1916
413	1983
413	2035
414	780
415	504
415	581
415	582
415	648
415	811
415	939
415	1219
415	1249
415	1462
415	2678
415	3482
416	417
416	588
416	589
416	878
416	929
416	1184
416	1197
417	588
417	589
417	878
417	1184
417	1197
417	2311
418	419
418	697
418	951
418	1756
418	1953
418	2425
419	1033
420	697
420	836
421	422
421	443
421	506
421	595
421	667
421	703
421	752
421	1033
421	1496
422	617
422	632
422	667
422	752
422	844
422	934
422	998
422	1153
422	2459
423	424
423	2300
424	616
424	634
424	887
424	1626
424	2493
424	3223
424	3628
425	426
425	478
425	611
425	1034
425	1237
425	1296
425	1391
425	1873
426	1225
426	1676
426	2222
426	2286
426	2908
426	3309
427	664
427	759
427	1072
428	545
428	906
428	1664
429	827
429	1724
429	2109
429	2719
429	3911
430	537
430	712
430	937
430	1392
430	1489
431	432
431	553
431	1189
431	1190
431	2956
432	1189
432	1190
432	2956
433	985
433	1051
433	1228
433	1472
434	435
434	871
434	1047
434	1121
434	2050
435	578
435	1288
436	543
436	1168
436	3172
437	980
438	439
438	547
438	688
438	892
438	1079
439	688
439	892
439	1079
440	779
440	2116
441	442
442	886
442	1356
442	1634
442	2647
442	2781
443	512
443	587
443	595
443	614
443	645
443	703
443	752
443	947
443	1576
443	1712
443	1762
444	551
444	573
444	606
444	797
444	1026
444	1137
444	1186
444	1289
444	1404
444	1580
444	3111
445	551
445	552
445	932
445	993
445	999
445	1149
445	1368
445	1542
445	1693
445	1774
445	2032
445	2197
445	2201
445	2213
445	2369
445	2480
446	455
446	510
446	751
446	1075
446	1124
447	448
447	533
447	553
447	1063
447	1117
447	1148
447	1164
447	1473
447	1746
447	2311
448	1473
449	534
449	648
449	677
449	736
449	785
449	943
449	1217
449	1312
449	1420
449	1527
449	1535
449	1778
449	1841
449	1934
449	2266
449	2346
449	2455
449	3133
449	3346
449	3601
449	3717
449	3782
450	451
450	462
450	479
450	510
450	595
450	783
450	1080
451	462
451	783
451	2311
452	664
452	3447
453	697
454	455
455	577
455	939
455	1690
455	2723
456	457
456	745
456	1194
456	1673
457	787
457	1431
457	1812
458	459
458	573
458	626
458	675
458	691
458	797
458	960
458	1297
458	1670
459	551
459	573
459	626
459	643
459	693
459	708
459	735
459	910
459	936
459	1299
459	1565
459	1626
459	1750
459	1913
459	2300
459	2688
460	461
460	471
460	596
460	632
460	667
460	761
460	918
460	956
460	1057
460	1227
460	1237
460	1296
460	1581
460	2311
460	2760
460	2941
460	3722
461	761
461	1839
461	1918
462	783
463	717
463	869
463	874
463	1043
463	1177
463	1374
464	941
464	1097
464	3538
465	537
465	712
465	896
465	1325
465	1457
465	1962
465	2148
466	467
466	872
466	2331
466	3056
466	3465
466	3602
467	790
467	1258
467	1791
468	469
468	977
468	1327
468	2236
469	763
469	830
469	977
469	1327
469	1468
469	1793
469	1913
469	2814
470	942
470	1297
471	632
471	1057
471	2038
471	2431
471	3658
472	473
472	3041
473	596
473	615
473	616
473	884
473	1732
473	3041
474	524
474	994
475	476
475	2862
478	561
478	1563
478	2728
478	2887
479	842
480	502
480	719
480	1291
480	1907
481	495
481	516
481	564
481	784
481	813
481	933
481	1019
481	1325
482	548
482	568
482	754
482	773
482	817
482	1145
482	1800
482	1887
482	2197
483	542
483	813
483	1087
483	1550
484	833
484	1166
484	1829
484	2203
484	2614
485	486
485	565
486	565
486	689
486	1043
486	1626
486	3645
487	488
487	962
487	1002
487	1435
487	1531
487	1922
488	543
488	1325
488	1341
488	2110
488	2370
488	2693
488	2743
488	3462
488	3629
489	490
489	2883
490	2316
491	492
491	1073
492	879
492	1472
493	494
493	586
493	660
493	1169
493	1173
493	1520
494	586
494	660
494	999
494	1169
494	2084
495	496
495	528
495	566
495	567
495	601
495	809
495	891
495	1187
495	1685
495	1791
495	1796
495	1966
495	3069
497	927
497	928
497	1350
498	499
498	673
498	691
498	694
498	1199
498	1259
498	1856
499	590
499	1199
499	1856
500	501
500	590
500	664
500	683
500	759
500	789
500	912
500	1072
500	1095
500	1180
500	1374
502	943
502	1128
502	1325
502	2494
502	3136
503	504
503	1392
503	1525
503	1953
503	2506
503	2517
503	3573
504	905
504	937
504	1525
504	1953
504	2506
504	2991
506	593
506	700
506	752
506	862
506	973
506	1018
506	1237
506	1307
506	1455
506	1517
506	1652
506	1669
506	1694
507	508
507	531
507	712
507	828
507	885
507	896
507	934
507	953
507	1153
507	1174
507	1233
507	1239
507	1273
507	1392
507	1757
507	1793
507	2041
507	2252
507	2958
507	4004
508	558
508	562
508	702
508	712
508	896
508	918
508	926
508	934
508	976
508	1020
508	1153
508	1174
508	1233
508	1404
508	1665
508	1793
508	2032
508	2075
508	2888
509	551
509	758
509	993
510	637
510	1458
510	1765
510	1813
511	683
511	686
511	1155
511	1498
511	1564
511	2688
511	3154
512	513
512	595
512	613
512	614
512	645
512	752
512	947
512	1034
513	613
513	614
513	645
513	947
513	2242
514	515
514	1202
514	1863
514	2095
514	3077
515	1109
516	718
516	821
516	933
517	618
517	655
517	804
517	888
517	1377
517	1799
517	2135
517	3563
518	519
518	880
518	946
518	961
518	1714
519	946
519	961
519	1065
519	1159
519	1714
519	3656
520	521
520	721
520	1080
520	1460
520	2258
521	721
522	523
522	560
522	862
522	983
522	1259
522	1423
522	1784
522	1993
522	2009
522	2059
522	2105
522	3288
523	560
523	818
523	983
523	1125
523	1259
523	1423
523	1425
523	1504
523	1784
523	1993
523	2009
523	2059
523	2105
524	994
524	1617
525	779
525	793
525	2300
526	527
529	530
529	2551
529	2825
531	532
531	557
531	740
531	822
531	828
531	861
531	1001
531	1084
531	1102
531	1133
531	1216
531	1232
531	1236
531	1273
531	1298
531	1410
531	1503
531	1679
531	1794
531	2153
531	2154
531	2159
531	2198
531	2206
531	2240
531	2269
531	2879
531	2914
531	3291
531	3387
532	828
532	861
532	1001
532	1061
532	1084
532	1232
532	1503
532	1602
532	1679
532	1794
532	2159
532	2206
532	2240
532	2914
533	542
533	553
533	917
533	1053
533	1939
533	2039
534	963
534	1129
534	1561
534	1766
534	3815
535	612
535	834
535	963
535	1008
535	1334
535	2171
535	3615
536	574
536	808
536	835
536	907
536	1016
537	712
537	937
537	1392
538	539
538	682
538	827
538	939
539	2032
539	2728
540	941
540	1519
542	1087
542	1869
542	1939
543	816
543	1012
543	1272
543	1369
543	2485
543	3728
544	766
544	767
544	824
544	829
544	924
544	1348
544	1349
544	1467
544	1528
545	906
545	1760
545	1813
545	2442
546	1325
546	1432
546	1813
546	3625
547	688
547	892
547	931
547	1079
548	773
548	1145
548	1800
548	3526
550	582
550	1654
550	3525
550	3747
551	552
551	573
551	606
551	626
551	758
551	932
551	993
551	999
551	1139
551	1300
551	1346
551	1693
551	1964
552	653
552	654
552	675
552	758
552	786
552	797
552	932
552	950
552	993
552	999
552	1758
552	2075
552	2674
553	845
553	1119
553	1574
554	781
555	556
555	901
555	940
555	968
555	1613
555	1894
556	901
556	1894
556	2093
557	708
557	735
557	755
557	822
557	861
557	921
557	1027
557	1133
557	1583
557	2153
557	2202
557	3076
558	559
558	1071
558	1125
558	1176
558	1255
558	1325
558	1378
558	1380
558	1420
558	1626
558	2493
558	2786
558	3593
558	3629
559	1126
559	1380
559	1533
559	1838
559	2228
559	2743
560	818
560	983
560	1259
560	1423
560	1784
560	2009
560	2059
560	2374
560	3104
561	562
561	572
561	619
561	687
561	701
561	702
561	896
561	926
561	934
561	976
561	978
561	1153
561	1233
561	1489
561	2303
562	701
562	702
562	731
562	926
562	934
562	976
562	1233
562	1297
563	612
563	814
563	936
563	972
563	2315
564	784
564	792
564	1022
564	1165
565	1191
565	1265
566	567
566	693
566	1053
566	1124
567	693
567	1053
567	1124
567	1299
568	569
568	707
568	754
568	910
568	1145
568	1800
568	1887
568	2591
568	3072
569	638
569	1912
569	2197
570	571
570	664
570	698
570	730
571	730
571	2664
572	926
572	978
572	979
572	1584
573	606
573	626
573	664
573	938
573	1186
573	1297
573	1346
573	1374
573	3391
574	808
574	1016
575	576
575	1303
575	1331
575	1336
575	3886
576	611
576	795
576	880
576	1044
576	1154
576	1266
576	1435
576	1627
576	1751
576	2254
577	760
577	1045
577	1811
578	579
578	612
578	1572
580	842
580	1499
580	2311
581	582
581	714
581	765
581	1183
582	1029
582	1068
582	1229
582	3567
583	584
583	743
583	879
583	1025
583	1076
583	1157
583	1222
583	1611
584	743
584	879
584	1025
584	1076
584	1157
584	1221
584	1222
584	1611
585	1091
585	1120
585	1265
586	660
586	1020
586	1169
586	2084
588	589
588	878
588	1184
588	1197
589	664
589	878
589	962
589	1184
589	1197
589	2331
590	594
590	664
590	673
590	1199
590	1302
591	605
591	724
592	1312
592	3629
593	751
593	1018
593	2295
593	3492
595	614
595	632
595	645
595	703
595	752
595	947
595	3658
596	597
596	615
596	616
596	884
596	1732
597	615
597	616
597	884
597	1732
597	2303
597	3572
598	1231
599	819
599	1249
600	1084
600	1794
600	3951
601	602
601	686
601	1256
601	1333
602	686
602	706
602	794
602	857
603	1012
603	1369
604	714
604	764
604	793
604	916
604	1028
604	1687
604	1922
605	734
605	1119
605	1134
605	1283
606	646
606	675
606	1186
608	664
609	610
610	836
610	1440
611	1044
611	1065
611	1159
611	1692
612	693
612	717
612	800
612	813
612	821
612	870
612	917
612	933
612	935
612	936
612	972
612	1022
612	1060
612	1129
612	1187
612	1234
612	1400
612	1416
612	1452
612	1528
612	1552
612	1606
612	1688
612	1743
612	1766
612	1800
612	1867
612	2046
612	2622
612	2712
612	4003
613	614
613	645
613	947
613	1225
613	2242
614	645
614	947
614	1225
614	2242
615	616
615	884
615	1732
615	2464
616	884
616	1690
616	1732
616	1934
617	667
617	1225
617	2503
618	889
618	1374
619	620
619	701
619	702
619	712
619	896
619	1233
619	1668
619	1797
621	622
621	656
621	657
621	665
621	666
621	674
621	679
621	1004
621	2082
622	665
622	674
622	679
624	769
624	858
625	907
625	1475
625	1594
625	1823
627	756
627	938
627	1088
627	2180
628	629
628	794
628	1192
628	1250
628	1932
628	2137
628	2218
628	2586
628	2983
628	3018
628	3220
628	3421
628	3685
629	2137
630	631
630	739
630	1506
631	739
631	851
631	1506
632	998
632	1057
632	1227
632	1991
632	2941
633	634
633	891
634	891
634	949
635	636
635	844
635	1662
636	1662
637	1420
637	1458
637	1813
637	3088
638	974
638	1912
639	640
639	1394
640	1394
640	2538
641	642
641	2374
642	1632
643	648
643	729
643	740
643	755
643	756
643	1078
643	1392
643	1876
643	2228
643	2427
643	2572
645	947
645	1576
646	1186
646	2379
646	3619
648	1321
648	1499
648	1671
648	1695
648	2302
648	2313
648	2478
648	2602
648	3247
649	650
649	757
649	1058
649	1334
649	1462
649	1471
649	1711
649	1823
650	757
650	1058
650	1334
650	1462
650	1910
650	3378
651	652
651	1687
651	3456
652	756
652	855
652	856
652	1123
652	1273
652	1493
652	1615
652	2572
652	3456
653	654
653	675
653	758
653	772
653	786
653	797
653	817
653	950
653	1758
654	675
654	758
654	786
654	817
654	950
654	1758
654	2674
655	802
655	953
655	1242
655	1332
655	1925
655	2331
656	657
656	665
656	666
656	674
656	679
656	762
656	787
656	1004
657	665
657	674
657	679
657	762
657	1812
657	2317
657	3041
658	834
658	2056
658	2073
659	663
659	940
659	1071
660	1169
660	1520
660	2240
661	2311
661	2526
662	762
663	873
663	940
663	976
663	1071
663	1127
663	1128
663	1325
663	1347
663	1420
663	1589
663	1831
663	1974
663	2018
663	2366
663	2408
663	2932
663	3007
663	3175
663	3555
664	707
664	730
664	759
664	789
664	801
664	820
664	829
664	850
664	875
664	910
664	912
664	1030
664	1072
664	1095
664	1155
664	1180
664	1201
664	1204
664	1315
664	1374
664	1413
664	1440
664	1577
664	1615
664	1626
664	1641
664	1687
664	1710
664	1829
664	2026
664	2107
664	2275
664	2295
664	2331
664	2343
664	2390
664	2394
664	2526
664	2589
664	2623
664	2723
664	2753
664	2792
664	2798
664	2903
664	2909
664	2915
664	2945
664	3002
664	3044
664	3101
664	3111
664	3125
664	3131
664	3233
664	3236
664	3239
664	3317
664	3323
664	3332
664	3339
664	3375
664	3386
664	3434
664	3451
664	3480
664	3537
664	3540
664	3558
664	3569
664	3652
664	3798
664	3802
664	3820
664	3830
664	3847
664	3868
664	3874
664	3907
664	3915
665	666
665	674
665	679
665	787
665	1004
666	674
666	679
666	787
667	752
667	772
667	3635
668	889
668	1040
668	1373
669	1500
669	3221
669	3925
670	671
672	980
672	981
672	1152
673	1199
674	679
674	1004
674	2300
675	758
675	786
675	797
675	817
675	820
675	950
675	1758
675	2674
675	3315
677	678
677	2180
677	2962
678	2408
679	762
679	787
679	1812
680	1934
680	2066
680	2888
681	682
682	780
682	1551
683	1070
683	1498
684	685
684	723
684	918
684	974
684	1641
684	2119
685	722
685	723
685	2311
685	3132
686	784
686	794
686	857
686	1036
686	1206
686	1258
686	2300
687	731
687	926
687	976
687	1233
687	2311
687	3087
688	892
688	1626
688	1730
688	2303
689	962
690	886
690	1356
690	1503
690	2374
691	692
691	694
691	812
691	922
691	960
691	1092
691	1199
691	1263
691	1516
691	1536
691	1652
691	1733
692	694
692	812
692	922
692	960
692	1092
692	1374
692	1516
692	1536
692	1733
692	2246
692	2408
693	910
693	1053
693	1124
694	812
694	922
694	960
694	1092
694	1199
694	1516
694	1733
695	696
695	1166
695	1260
695	1932
697	1790
697	2231
698	730
699	700
699	845
699	846
699	1455
699	1574
699	1782
699	1792
699	2674
700	845
700	846
700	1116
700	1325
700	1455
700	1574
700	1782
700	1792
700	2542
700	2888
701	702
701	838
701	896
701	926
701	978
701	1233
701	1668
701	1797
701	1843
701	1882
701	2161
701	3466
702	712
702	896
702	978
702	1148
702	1166
702	1233
702	1457
702	1489
702	1668
702	1797
702	1882
702	1962
702	2102
702	2148
702	2149
702	2161
702	2311
703	752
704	705
704	1007
705	1277
705	1278
706	707
706	844
706	899
706	935
706	1060
706	1739
706	2311
707	910
708	755
708	921
708	2074
709	886
709	1356
710	1880
711	1090
711	1405
712	896
712	926
712	937
712	1174
712	1233
712	1457
712	1489
712	1962
712	2143
713	1150
713	1151
713	1378
714	719
714	1029
715	716
715	1318
715	2077
717	1288
717	3432
718	821
718	933
719	2327
719	2801
719	3493
719	3559
720	721
720	1080
720	1185
720	2303
721	1080
721	2091
722	723
723	1312
723	1687
723	1937
723	2352
723	2663
724	1280
724	1740
725	726
725	753
725	1394
725	2331
726	753
726	2303
727	728
727	2170
729	1378
729	1554
729	1558
729	2687
730	736
730	906
730	1688
730	2533
730	3789
731	976
731	1166
731	1338
732	733
732	810
733	1285
733	1990
733	2968
734	974
734	2041
734	2331
734	2344
735	755
735	858
735	861
735	1027
735	1133
735	1347
735	1410
735	1583
735	2153
736	1010
736	1285
738	1148
739	1506
740	828
740	861
740	1084
740	1102
740	1273
740	1274
740	1503
740	1679
740	1757
740	2152
740	2155
740	2159
740	2206
741	742
741	823
741	882
741	1118
741	1608
741	1710
741	1753
741	1767
741	1803
741	1804
741	1840
741	1947
741	1981
741	2041
741	2109
741	3171
742	1728
742	2590
743	879
743	1025
743	1076
743	1157
743	1221
743	1222
743	1611
744	1161
744	1353
744	3399
745	2311
746	747
746	914
746	915
746	948
746	1009
746	1481
746	1670
747	914
747	915
747	948
747	1009
747	1481
747	1670
747	3348
748	749
749	2087
749	2572
750	2374
750	2677
751	813
751	1075
751	1342
752	947
752	2311
753	1408
753	3135
754	773
754	1145
754	1800
755	861
755	1216
755	2137
755	3291
756	938
756	1088
756	1188
756	1738
756	1820
756	2874
756	3103
757	1058
757	1334
757	1910
758	786
758	797
758	817
758	917
758	932
758	950
758	993
758	1139
758	1693
758	2075
758	2674
759	771
759	789
759	875
759	912
759	1072
759	1095
759	1128
759	1180
759	1374
760	1045
761	1160
761	1839
761	1918
761	2311
761	3501
762	1377
762	1651
763	1393
764	1441
764	3347
765	1858
766	767
766	824
766	829
766	924
766	1348
766	1349
766	1365
766	1528
766	1773
767	824
767	829
767	924
767	1262
767	1348
767	1349
767	1467
767	1528
767	1773
767	2144
767	2868
768	3551
769	770
769	1159
769	1646
769	1825
769	1868
770	1646
771	875
771	912
771	1072
771	1374
771	2748
771	3427
772	1347
772	1518
773	1145
773	1599
773	1887
773	2311
773	3188
774	1858
775	776
775	1485
775	1766
776	1485
778	1048
778	2311
779	1294
779	1870
780	871
780	884
780	1141
780	1285
780	1412
780	1486
780	1807
780	1900
780	2058
781	868
783	2392
784	935
784	1022
784	1258
784	1970
784	2754
785	868
785	943
785	1527
786	817
786	950
786	1758
787	1004
787	3063
788	1918
788	2517
788	3335
789	912
789	1280
789	1374
789	2041
790	2236
790	2346
790	2687
790	3094
792	1258
793	1231
793	1862
793	3036
793	3182
794	795
794	857
795	1325
795	1769
795	1814
795	2236
795	2311
795	2836
796	1297
796	1893
796	2088
797	1137
798	799
799	1765
800	1007
800	3686
801	802
801	1148
801	2757
802	953
802	1374
802	1934
802	2553
802	2973
803	804
803	1872
804	809
804	1118
804	1377
805	806
805	2246
805	3944
806	2063
808	835
808	1016
809	1537
809	2106
810	1798
810	3064
810	3581
810	3694
811	867
811	3482
812	922
812	960
812	1092
812	1516
812	1536
812	1733
813	870
813	1255
813	1632
813	1688
813	2407
814	898
814	1053
814	1124
816	1913
817	950
818	983
818	1259
818	1784
818	3126
820	875
820	911
820	2374
821	933
822	861
822	1027
822	1638
822	2311
823	1608
823	1710
823	1840
823	1947
823	2062
823	2158
823	3307
824	829
824	924
824	1348
824	1349
824	1365
824	1454
824	1467
824	1528
824	1773
824	2144
824	2174
824	3019
825	854
825	1411
825	2245
825	2374
826	827
826	1534
826	1655
827	1534
827	1551
827	2160
827	2311
827	2335
828	861
828	1102
828	1232
828	1602
828	1679
828	2155
828	2198
828	2206
828	2311
828	3074
829	924
829	931
829	1259
829	1348
829	1349
829	1365
829	1454
829	1467
829	1528
829	1773
829	1884
829	2144
829	2174
830	1976
830	2007
830	2186
830	2225
830	2237
831	1280
831	1945
832	982
832	1103
832	1905
832	1957
832	3976
833	835
833	851
833	1166
833	1167
833	1486
833	1829
833	1958
833	2101
833	2203
833	2221
834	1232
834	2311
834	2934
834	2963
835	1016
835	1511
835	2083
836	2311
836	2786
837	838
838	1187
838	1304
838	1367
838	1466
838	1802
838	2128
838	2289
838	2350
838	2720
838	2840
838	3893
839	840
839	974
841	842
841	2018
842	1262
842	1499
842	1806
843	1053
843	1075
843	1530
843	2337
843	3176
844	858
844	970
844	1084
844	1111
844	1125
844	1162
844	1172
844	1201
844	1224
844	1272
844	1315
844	1347
844	1373
844	1384
844	1442
844	1533
844	1555
844	1626
844	1671
844	1690
844	1693
844	1818
844	1944
844	2052
844	2134
844	2182
844	2239
844	2258
844	2272
844	2290
844	2344
844	2361
844	2377
844	2396
844	2463
844	2466
844	2468
844	2508
844	2529
844	2587
844	2593
844	2637
844	2645
844	2667
844	2703
844	2722
844	2798
844	2889
844	2893
844	2904
844	2921
844	2933
844	2949
844	3034
844	3052
844	3075
844	3160
844	3167
844	3208
844	3209
844	3274
844	3293
844	3320
844	3366
844	3478
844	3503
844	3597
844	3629
844	3750
844	3799
844	3816
844	3875
844	3883
844	3931
844	3950
845	846
845	1325
845	1455
845	1782
845	1786
845	1792
846	1455
846	1574
846	1782
846	1792
847	848
847	1264
847	1678
847	1697
847	1845
848	1480
849	850
849	1405
850	1126
850	1176
850	1405
851	952
851	1042
851	1297
852	864
852	1633
853	854
853	2311
854	952
854	1206
854	1275
854	1324
854	1411
855	856
855	1123
855	1273
855	1615
855	2311
856	899
856	1096
856	1615
856	2087
856	3653
857	1250
858	1133
858	1298
858	1325
858	1583
859	860
859	1035
859	1134
860	3087
861	1001
861	1027
861	1061
861	1084
861	1216
861	1232
861	1602
861	1638
861	1679
861	1794
861	2152
861	2154
861	2303
861	2914
861	3232
861	3387
862	1406
862	2573
863	893
863	1436
863	2311
864	1173
865	1112
865	1442
865	2715
867	2331
869	870
869	1053
870	898
870	936
871	1644
872	873
872	2654
873	959
873	1313
873	1337
873	1918
873	2672
873	2728
873	2884
873	3771
875	912
875	1072
875	1095
875	1180
875	1280
875	1374
875	2150
878	1184
878	1197
879	1025
879	1076
879	1157
879	1222
879	1611
879	3491
880	3324
880	3813
880	3901
881	3592
882	883
882	904
882	1615
882	2228
882	2590
882	2765
882	2817
882	3026
882	3252
883	2253
884	1732
885	1239
885	3708
886	887
886	1043
887	990
887	991
887	1356
887	2243
887	2728
888	1031
888	2041
888	2331
889	1070
889	1373
889	2104
890	891
890	3308
891	1035
892	1512
892	1730
893	898
893	1376
894	895
894	2408
894	2490
894	2877
895	2300
895	3495
896	926
896	937
896	976
896	1174
896	1233
896	1457
896	1489
896	1649
896	1668
896	1793
896	1962
896	2071
896	2143
896	2495
898	3709
899	900
899	1575
899	1775
901	968
901	1514
901	1855
901	2039
901	2093
901	2614
902	939
902	1628
902	1630
903	2609
904	905
904	1038
904	1039
904	1273
904	1282
904	1494
904	1710
904	1753
904	1767
904	1804
904	1840
904	1885
904	2107
904	2157
904	2209
904	2512
905	1039
905	1152
905	1187
905	1282
905	1478
905	1734
905	1985
905	2107
905	2157
905	3026
905	3222
906	1760
907	908
907	939
907	1016
907	1247
907	1248
907	1571
907	1821
907	1823
907	1971
907	2978
908	939
909	970
909	971
909	992
909	1144
909	1210
909	1526
909	1695
909	2300
910	1299
910	2334
912	1007
912	1072
912	1095
912	1374
912	2542
913	1037
913	3323
914	915
914	1481
915	948
915	1009
915	1481
915	1670
916	1028
916	2303
916	2311
917	1255
917	1632
917	1913
917	3261
918	919
918	1226
918	1884
919	1110
919	1254
919	1325
920	1002
920	1132
922	960
922	1092
922	1145
922	1516
922	1536
922	1733
922	3707
923	2197
924	1348
924	1349
924	1454
924	1467
924	1528
924	2144
924	2174
925	1650
925	1665
925	2081
926	934
926	975
926	976
926	1153
926	1174
926	1233
926	1240
926	1325
926	1489
926	1649
926	1892
926	1897
926	2143
927	928
928	1125
929	930
929	1104
929	1434
929	1641
929	1770
930	1464
930	1772
930	2311
930	2407
931	1687
931	1737
932	993
932	999
932	1139
932	1300
932	1693
932	1964
932	2075
933	1846
933	1974
934	1153
934	1233
934	1892
934	2366
934	2755
935	936
936	953
936	1020
936	1022
936	1060
936	1193
936	1234
936	1416
936	1427
936	1443
936	2728
936	3310
936	3314
937	1392
937	1489
937	1962
938	969
939	1032
939	1340
939	1642
939	1839
939	1991
939	3006
939	3270
939	3383
939	3443
941	1097
941	1519
943	1204
943	1312
943	1527
943	1535
943	2227
943	2319
943	2395
943	2493
944	945
944	1374
944	2315
945	1111
945	1112
945	1311
945	1442
945	1512
945	2187
945	2196
946	961
946	1065
946	1714
946	2364
947	2242
948	1481
950	1758
950	2313
951	952
951	1275
951	3989
952	1275
953	1256
953	1342
953	2041
954	955
954	3691
955	3282
955	3439
955	3580
955	3715
955	3843
956	1338
956	2281
956	2311
957	958
957	1461
957	1496
958	1343
959	974
959	2270
960	1092
960	1263
960	1516
960	1536
960	1733
961	1065
961	1714
962	1197
962	1230
962	1266
962	1640
963	1363
963	1497
963	1920
964	1241
964	2331
965	1285
966	2641
966	2687
968	1591
969	1188
969	1290
969	1996
969	2303
969	2407
969	2619
970	971
970	992
970	1144
970	1210
970	1526
970	1573
971	992
971	1144
971	1210
971	1526
971	3554
972	1020
972	1060
972	1193
972	1234
972	1420
972	2300
973	1517
973	1694
973	2194
973	2271
974	976
974	985
974	1054
974	1168
974	1184
974	1203
974	1254
974	1259
974	1387
974	1420
974	1530
974	1545
974	1546
974	1584
974	1616
974	1654
974	1701
974	1718
974	1788
974	1790
974	1830
974	2049
974	2067
974	2126
974	2136
974	2162
974	2180
974	2317
974	2363
974	2402
974	2405
974	2406
974	2407
974	2426
974	2489
974	2509
974	2537
974	2538
974	2580
974	2586
974	2590
974	2601
974	2620
974	2710
974	2748
974	2750
974	2760
974	2799
974	2831
974	2832
974	2855
974	2856
974	2879
974	2885
974	2957
974	2997
974	3123
974	3144
974	3242
974	3282
974	3332
974	3409
974	3420
974	3434
974	3479
974	3558
974	3568
974	3649
974	3677
974	3762
974	3933
975	976
975	1233
976	1153
976	1233
976	2696
977	1327
977	2826
978	979
978	1196
978	1584
980	981
980	1147
980	1152
981	1152
981	1877
983	1259
983	1366
983	1784
983	2009
984	985
984	1051
984	1527
984	1645
984	2311
984	2461
985	1050
985	1610
985	2175
985	2236
988	989
988	1063
988	1100
988	1101
988	1148
988	1262
988	1375
988	1438
988	1746
989	1100
989	1101
989	1148
989	1164
989	1375
989	1438
989	1473
989	1746
989	1878
989	2471
990	991
990	1089
990	1130
991	2346
991	3030
992	1144
992	1210
992	1526
992	2303
993	999
993	1166
993	1300
993	1693
993	2075
993	2311
993	2691
994	1899
994	1935
995	996
995	1049
996	1049
996	1122
996	1460
996	3547
997	1508
997	2021
997	2092
998	1664
998	2941
999	1149
999	1368
999	1460
999	1693
999	1774
999	2032
999	2201
999	2213
999	2241
999	2480
1000	1001
1000	1510
1000	3489
1001	1602
1002	1487
1005	1249
1005	1657
1005	1776
1005	1876
1006	1043
1006	1156
1007	1399
1007	1477
1007	1761
1007	1776
1008	1553
1008	2686
1009	1023
1009	1426
1009	1481
1011	1012
1011	1369
1011	1400
1011	2179
1011	3299
1013	1014
1013	1673
1013	2748
1016	1614
1016	2083
1019	1208
1019	2601
1019	3486
1020	1260
1020	1280
1020	2494
1021	2331
1021	3355
1022	1257
1022	1258
1022	1313
1023	1024
1023	1426
1025	1076
1025	1157
1025	1222
1025	1611
1025	2595
1026	1673
1026	1764
1026	1796
1027	1216
1027	1638
1027	1794
1028	1029
1029	2719
1031	2033
1032	1033
1032	1933
1032	1934
1032	2191
1033	1167
1033	1220
1033	1256
1033	1385
1033	1958
1033	2342
1033	2647
1033	2821
1033	3032
1033	3494
1033	3515
1033	3768
1033	3865
1034	3678
1035	1134
1035	1275
1038	1039
1038	1282
1039	1282
1039	2107
1039	2157
1039	2512
1039	2938
1040	1373
1040	2585
1041	1042
1041	1584
1043	1156
1043	1813
1043	2680
1043	3190
1044	1045
1044	1714
1045	1696
1045	2374
1046	1047
1046	1992
1046	2053
1046	2061
1047	1317
1047	1963
1047	2061
1048	1424
1048	1463
1048	1573
1048	1751
1048	1928
1048	2300
1048	3206
1048	3442
1050	1051
1050	1297
1050	1327
1050	1893
1050	2556
1050	3175
1051	1610
1051	1624
1053	1075
1053	1124
1053	1417
1053	2883
1054	1055
1054	1622
1054	1664
1054	1918
1054	2901
1055	1113
1055	1252
1055	1578
1055	1781
1055	1932
1055	2300
1057	1227
1057	1991
1057	2041
1057	2311
1057	2941
1057	3360
1060	1234
1060	1342
1061	1463
1061	2401
1061	3786
1062	1063
1062	1148
1062	1746
1063	1117
1064	2311
1065	1714
1066	1067
1066	1550
1067	2523
1068	1069
1068	1790
1069	1108
1070	1464
1070	2104
1070	3382
1071	1125
1071	1593
1071	2313
1071	2419
1071	2934
1071	3034
1071	3561
1071	3700
1072	1095
1074	3991
1075	1342
1076	1157
1076	1221
1076	1222
1076	1611
1077	1155
1077	1564
1078	1585
1078	2928
1080	1364
1081	2331
1083	1124
1084	1679
1084	1794
1085	1251
1085	1360
1085	1577
1085	1677
1085	2367
1085	3920
1087	1460
1087	1550
1088	1202
1088	1299
1088	1908
1088	2948
1088	3178
1089	1397
1091	1120
1091	1265
1091	2374
1091	2446
1092	1263
1092	1468
1092	1516
1092	1536
1092	1733
1093	1094
1095	1180
1096	1615
1097	1519
1097	2656
1098	1204
1100	1101
1100	1375
1100	1438
1100	2417
1100	3257
1101	1164
1101	1166
1101	1375
1101	2303
1102	1232
1102	1460
1102	1679
1102	1710
1102	1794
1102	2152
1102	2269
1102	2272
1102	2590
1102	3455
1103	2686
1104	1105
1104	1547
1104	2003
1104	2099
1105	2188
1106	1107
1107	1454
1108	1109
1108	1790
1108	1932
1110	1150
1110	1325
1110	1326
1111	1112
1111	1172
1111	1311
1111	3287
1112	1442
1112	1512
1112	2187
1112	2196
1112	3453
1113	1252
1113	1450
1114	2142
1114	2216
1114	2277
1114	3200
1115	2311
1115	3155
1115	3178
1115	3185
1116	1135
1116	1325
1116	1816
1116	3284
1117	1473
1117	1746
1119	3116
1120	1265
1121	1122
1122	2176
1123	1273
1123	1274
1123	1615
1124	1859
1125	1146
1125	1210
1125	1278
1125	1297
1125	1374
1125	1412
1125	1740
1125	1763
1125	1776
1125	1932
1125	1953
1125	2346
1125	2442
1125	2566
1125	2680
1125	2720
1125	2968
1125	3204
1125	3659
1125	3869
1126	1325
1126	1380
1126	2400
1127	1128
1127	2311
1127	2331
1127	2791
1127	3431
1128	1164
1128	1325
1128	2791
1128	3772
1129	2254
1130	3664
1131	1679
1131	2269
1131	2695
1131	3152
1133	1298
1133	1325
1133	1410
1133	1583
1133	2153
1133	2206
1134	1201
1134	1357
1134	1810
1135	1816
1135	1924
1136	1873
1138	1379
1138	3235
1140	1141
1140	1415
1140	1590
1140	1680
1140	2685
1141	2018
1142	1143
1142	1178
1142	1179
1142	1581
1143	1178
1143	1179
1143	1581
1143	3854
1144	1210
1144	1526
1144	3136
1145	1887
1146	1147
1146	1235
1146	1272
1146	1325
1146	1763
1146	2632
1147	1235
1147	1763
1147	2024
1148	1164
1148	1360
1148	1375
1148	1407
1148	1952
1148	2010
1148	2378
1148	2632
1148	3083
1148	3157
1148	3352
1148	3423
1148	3506
1148	3597
1148	3599
1148	3689
1148	3841
1148	3860
1149	1774
1149	2201
1149	2213
1149	2480
1150	1151
1152	1159
1152	2412
1152	2811
1153	1233
1153	1325
1153	2246
1154	1432
1154	1640
1154	2094
1155	1498
1155	1562
1155	1564
1155	1710
1157	1611
1158	1390
1158	2574
1158	3623
1159	1391
1160	1374
1160	2303
1160	3888
1161	1162
1161	1409
1161	2380
1162	1353
1162	2374
1163	1399
1163	1444
1163	1713
1163	1761
1163	3071
1164	1375
1164	1438
1164	1878
1164	2303
1164	2471
1165	1242
1165	1258
1165	1510
1166	1167
1166	1237
1166	1407
1166	1677
1166	1829
1166	1958
1166	1999
1166	2203
1166	2293
1166	2353
1166	2498
1166	2516
1166	2580
1166	2589
1166	2751
1166	2829
1166	2835
1166	2917
1166	2995
1166	3007
1166	3032
1166	3091
1166	3093
1166	3166
1166	3245
1166	3273
1166	3379
1166	3626
1166	3763
1166	3787
1166	3817
1166	3913
1166	3926
1167	1175
1167	1209
1167	1339
1167	1385
1167	1567
1167	1656
1167	1844
1167	2151
1167	2300
1168	1553
1168	2311
1170	1171
1172	2034
1172	3437
1173	1883
1175	1209
1175	1256
1175	1385
1176	1533
1176	2712
1177	1980
1178	1179
1178	1581
1178	2331
1178	2570
1178	2613
1179	1581
1181	1182
1181	1325
1181	1701
1181	1871
1181	2326
1182	1701
1182	2326
1183	2098
1185	1765
1185	2311
1186	1359
1186	2232
1186	2233
1187	1447
1187	1552
1187	1617
1187	2346
1187	2888
1188	1290
1188	1291
1188	1624
1189	1190
1191	1192
1191	1265
1192	2311
1194	1840
1195	1196
1195	1668
1195	2093
1195	2395
1195	2960
1195	2966
1195	3216
1198	1325
1198	1532
1198	1546
1198	2295
1198	2500
1198	3625
1200	1201
1200	1276
1200	1911
1201	1267
1201	1304
1201	2236
1201	2407
1201	2720
1201	3172
1201	3464
1203	2222
1203	2436
1203	2638
1203	2714
1203	2961
1203	3155
1203	3526
1203	3540
1203	3730
1204	1299
1204	1483
1204	1813
1204	2401
1204	2600
1207	1826
1207	2126
1209	1220
1209	1256
1209	1385
1210	1213
1210	1526
1210	2361
1210	2493
1211	1212
1211	1319
1211	1637
1211	1673
1211	1730
1211	1731
1212	1637
1214	1215
1215	1700
1216	1217
1216	3197
1217	1236
1217	1492
1217	1495
1217	1794
1217	2443
1218	1219
1218	1407
1218	1948
1219	1407
1219	2374
1219	3842
1220	1256
1220	1339
1220	1385
1220	1567
1220	1656
1220	2151
1220	3275
1221	1222
1221	2407
1222	1611
1223	1224
1223	1888
1223	1967
1223	2311
1223	2724
1223	3277
1224	1888
1224	1967
1224	2724
1224	3803
1226	1227
1226	1325
1227	3229
1227	3723
1228	1472
1228	1734
1228	1893
1228	2124
1228	2207
1229	2240
1229	2303
1230	3275
1231	1508
1232	1253
1232	2159
1233	1240
1233	1892
1233	2129
1233	2143
1233	3209
1234	1736
1234	1743
1234	2712
1234	3096
1234	3203
1235	1763
1236	1679
1237	1692
1237	3372
1238	1239
1238	1289
1238	1813
1238	3170
1238	3195
1239	1847
1239	2002
1239	2553
1239	3493
1241	1242
1241	1537
1242	1313
1243	1244
1244	1813
1245	1246
1245	3807
1247	1248
1247	1821
1247	1971
1248	1821
1248	1971
1248	2165
1249	1559
1249	1876
1249	1951
1249	3607
1250	1553
1250	1623
1251	1677
1253	1254
1253	1813
1253	2374
1253	2680
1254	1259
1254	1439
1254	1476
1254	1519
1254	1539
1254	2091
1254	2408
1254	2442
1254	2451
1254	2680
1254	3717
1255	1259
1255	1420
1255	1743
1255	1813
1255	1934
1255	2024
1255	2442
1255	2741
1255	3130
1256	1385
1256	1571
1256	1958
1257	1258
1257	1313
1258	1313
1258	1791
1258	1920
1258	3906
1259	1423
1259	1425
1259	1545
1259	1784
1259	1993
1259	2009
1259	2059
1259	2105
1259	2246
1259	2366
1259	2633
1259	3418
1260	1601
1260	2629
1260	2876
1260	3487
1261	1262
1261	1639
1262	1790
1262	3588
1262	3855
1266	1303
1266	3372
1266	3518
1267	1735
1267	2313
1268	2039
1268	2155
1268	2374
1268	2490
1268	3146
1269	1374
1269	1635
1270	1271
1270	2101
1270	2137
1270	3848
1271	2101
1272	1297
1272	1398
1272	1412
1272	1763
1272	2236
1272	2300
1272	3493
1273	1274
1273	1615
1273	1850
1273	1919
1273	2572
1273	2678
1274	1428
1274	1615
1274	1654
1274	1753
1274	2623
1274	2678
1274	3171
1275	1561
1277	1278
1277	3766
1278	1626
1278	2912
1278	3579
1279	2311
1280	1285
1281	2045
1282	1494
1282	2157
1282	2234
1282	2512
1282	3994
1284	1441
1285	1768
1285	1807
1286	1287
1286	1908
1286	1909
1288	1354
1289	1580
1290	1291
1290	1579
1290	1664
1291	1624
1292	1293
1294	1295
1295	1415
1295	3603
1296	1484
1296	1932
1297	1346
1297	1533
1297	1813
1297	3657
1298	1410
1298	3365
1299	1325
1299	3169
1300	1693
1300	2303
1301	1447
1303	1331
1304	1385
1304	1727
1304	1914
1304	2054
1305	1306
1307	1521
1307	2577
1308	1309
1308	1325
1308	1715
1309	1715
1311	1370
1311	1442
1312	1574
1312	2335
1312	2542
1314	1315
1314	1991
1316	1317
1316	2065
1316	3554
1318	2331
1320	1478
1320	1507
1320	2325
1321	1813
1322	1323
1322	2125
1323	2303
1325	1326
1325	1374
1325	1420
1325	1626
1325	1646
1325	1693
1325	1810
1325	1813
1325	1932
1325	1934
1325	1937
1325	2162
1325	2199
1325	2213
1325	2355
1325	2471
1325	2549
1325	2640
1325	2692
1325	2696
1325	2726
1325	2831
1325	2835
1325	2888
1325	3111
1325	3475
1325	3534
1325	3845
1325	3918
1326	1712
1327	2568
1328	2070
1329	1330
1329	2311
1330	2642
1330	2807
1330	3271
1331	2970
1332	3930
1335	1336
1335	2311
1337	2311
1338	1351
1338	1366
1338	1433
1338	1504
1338	1530
1338	1851
1338	1999
1338	2102
1338	2581
1338	2959
1338	3028
1339	1340
1339	1385
1339	1475
1339	1567
1339	1594
1339	1656
1339	1844
1339	2151
1339	2311
1339	2519
1340	1385
1340	1567
1340	1594
1340	1844
1340	2303
1340	2311
1342	1509
1342	2311
1343	1344
1343	1461
1343	1664
1343	2138
1344	2585
1346	1603
1346	3902
1347	1518
1347	1626
1348	1349
1348	1365
1348	1528
1348	1773
1348	2144
1348	3117
1348	3862
1349	1365
1349	1375
1349	1454
1349	1467
1349	1528
1349	1650
1349	1773
1349	2284
1349	2303
1349	2408
1351	1352
1351	1469
1351	2604
1353	3077
1353	3078
1354	2628
1354	3454
1354	3565
1355	1755
1355	1787
1355	1896
1355	2255
1356	3998
1357	3146
1357	3372
1357	3725
1358	2408
1358	2436
1361	1362
1362	1596
1363	1497
1363	2331
1363	2676
1363	2696
1363	2837
1363	3481
1364	1405
1364	2022
1365	1467
1368	1542
1369	1400
1369	2179
1369	2331
1369	2736
1369	3980
1371	1372
1371	1629
1371	1847
1374	1432
1374	1564
1374	1626
1374	1646
1374	1966
1374	1991
1374	2022
1374	2036
1374	2062
1374	2188
1374	2296
1374	2313
1374	2350
1374	2400
1374	2596
1374	2616
1374	2619
1374	2640
1374	2657
1374	2673
1374	2694
1374	2711
1374	2775
1374	2783
1374	2793
1374	2852
1374	3007
1374	3183
1374	3356
1374	3364
1374	3426
1374	3504
1374	3536
1374	3647
1374	3846
1374	3891
1375	1473
1375	1932
1375	2032
1376	1377
1376	1436
1377	1610
1377	1624
1377	2815
1378	1558
1378	2674
1379	1429
1379	2044
1379	2100
1380	1533
1380	1621
1380	2292
1381	1820
1383	1384
1383	2820
1384	2311
1385	1475
1385	1567
1385	1594
1385	1656
1385	1844
1385	1895
1385	1958
1385	2151
1385	2331
1385	2519
1385	2709
1386	1387
1386	1570
1387	1711
1387	1890
1388	1389
1388	1443
1388	3345
1389	1712
1391	1484
1392	1525
1392	1615
1392	2142
1392	2272
1392	2950
1395	1396
1395	2169
1395	2170
1395	2311
1395	3056
1396	3056
1397	1621
1397	2855
1397	2895
1399	1761
1401	1402
1401	2311
1402	2294
1404	1523
1404	3111
1405	2127
1408	1409
1408	1849
1408	2579
1409	1685
1409	2374
1411	1906
1413	1414
1415	1590
1415	1680
1415	1985
1416	1443
1416	1508
1418	1419
1418	1993
1418	2021
1418	3280
1418	3504
1420	1813
1420	1864
1420	2022
1420	2374
1420	2408
1420	3203
1421	1422
1421	2949
1422	2522
1422	3410
1423	1425
1423	1784
1423	1993
1423	2009
1423	2059
1423	2105
1423	2303
1425	2742
1427	1779
1427	2087
1427	2311
1429	1430
1429	1482
1429	1723
1429	2044
1429	2100
1430	1482
1430	1723
1430	2044
1432	1883
1432	2327
1432	2949
1432	3320
1435	3419
1436	2323
1438	1878
1438	3208
1439	1440
1441	2192
1441	2262
1442	1512
1442	2187
1442	2196
1442	2715
1443	1456
1443	2331
1444	1713
1445	1446
1447	1448
1447	2391
1447	2458
1447	2471
1448	1489
1448	2374
1454	1528
1455	1574
1455	1782
1455	1792
1455	2374
1457	1505
1457	1962
1457	2720
1458	1765
1458	1813
1458	2542
1459	2311
1459	2530
1459	3392
1460	2164
1460	2186
1460	2207
1460	2227
1460	2259
1460	2260
1462	1493
1462	1643
1462	1795
1462	1906
1462	1910
1466	1604
1467	1528
1467	1773
1467	2144
1468	1516
1468	1733
1468	2828
1468	3948
1470	1471
1473	1746
1473	2303
1475	1567
1475	1594
1475	1656
1475	1844
1475	1895
1475	2151
1475	2519
1476	2386
1477	2311
1478	1479
1480	1616
1480	1697
1480	2452
1481	1670
1482	1723
1482	2044
1482	2100
1482	2630
1487	2842
1489	1882
1489	2149
1490	1491
1490	2281
1490	2345
1490	2356
1490	2906
1490	3054
1490	3502
1491	2906
1491	3054
1491	3502
1492	1805
1493	1906
1495	1794
1497	2676
1498	1562
1498	1564
1498	1710
1498	1725
1499	1695
1500	1501
1500	1556
1500	1562
1501	1562
1503	1620
1503	1679
1504	2009
1506	2331
1508	1837
1510	1716
1510	2018
1511	1788
1513	2674
1515	1950
1516	1536
1516	1733
1517	1694
1517	2271
1521	1813
1522	1523
1522	3541
1524	1952
1524	2148
1528	2144
1530	1921
1531	1640
1531	2311
1532	2311
1533	2236
1533	2370
1533	2374
1533	2407
1533	2813
1534	1655
1536	3549
1538	2354
1539	2457
1540	1541
1542	1543
1542	2931
1543	1560
1544	1545
1544	1736
1544	1848
1544	2024
1545	1653
1547	1813
1547	1881
1548	1549
1550	3676
1552	2514
1553	1719
1555	2303
1556	1562
1557	2795
1557	3760
1558	3358
1559	1560
1561	2408
1562	2374
1563	2316
1564	1710
1564	1725
1566	1567
1567	1594
1567	1656
1567	1844
1567	1895
1567	2151
1567	2519
1569	2018
1570	1948
1570	2041
1572	3227
1573	1928
1573	2433
1573	3044
1574	1782
1574	1792
1574	2366
1574	3093
1574	3297
1576	1762
1576	2166
1576	3769
1577	2872
1582	1771
1582	3061
1582	3173
1583	2018
1583	2303
1585	1586
1585	2635
1586	1744
1586	2041
1589	2408
1590	1680
1591	2522
1591	2910
1591	3076
1591	3305
1591	3800
1591	3877
1593	1726
1593	2380
1594	1656
1594	1844
1594	1895
1594	1988
1594	2151
1595	1596
1595	2092
1596	2019
1596	3755
1598	1599
1598	2190
1599	2244
1599	3424
1599	3441
1599	3550
1603	2311
1604	1605
1604	2374
1605	2502
1606	2300
1607	2371
1607	2408
1608	1609
1608	1710
1608	1728
1608	1753
1608	1840
1608	1885
1608	1981
1608	2156
1608	2158
1608	2204
1608	2467
1608	2590
1608	2979
1609	1804
1609	1885
1609	1981
1609	2156
1609	2204
1609	2467
1609	2979
1610	2236
1611	2246
1613	1614
1613	1615
1613	2202
1613	2931
1615	1981
1615	2142
1615	3456
1616	2374
1617	2027
1618	1619
1619	1966
1619	2311
1620	1757
1620	3010
1621	1622
1621	1864
1622	2311
1622	3439
1623	2311
1625	1948
1626	1701
1626	1772
1626	1956
1626	2004
1626	2018
1626	2300
1626	2407
1626	2552
1626	2720
1629	3945
1630	1631
1631	1899
1631	2037
1632	1788
1632	2575
1633	2311
1633	2430
1636	1995
1636	2374
1636	3342
1637	1730
1637	1731
1637	1999
1638	2153
1638	3615
1639	2303
1640	1852
1642	1884
1642	1915
1643	1795
1643	1797
1643	1910
1643	2102
1643	2145
1643	2149
1643	2161
1645	3403
1646	1738
1646	2603
1646	3070
1647	1648
1651	1843
1651	2408
1653	1654
1655	2933
1656	1844
1656	1895
1656	2151
1656	2311
1656	2519
1657	1776
1658	1659
1663	3912
1664	2515
1664	3832
1665	1666
1665	1886
1665	3624
1666	2002
1666	3225
1668	1797
1668	1882
1668	2102
1668	2145
1668	2149
1668	2161
1668	3276
1669	2303
1671	1672
1671	2015
1671	2407
1673	1874
1673	2311
1673	3981
1676	2362
1679	2142
1679	2198
1679	2206
1679	2240
1679	2269
1681	1682
1682	2389
1682	3615
1683	1684
1683	2311
1683	3833
1684	2374
1686	2285
1687	3172
1688	1867
1690	2374
1691	2239
1693	1776
1693	1964
1693	2075
1693	2311
1694	2271
1694	2311
1698	1699
1698	1828
1699	1828
1699	2500
1701	1702
1701	1934
1701	2033
1701	2446
1701	2535
1701	2600
1701	2643
1701	2652
1701	2722
1701	2807
1701	2996
1701	3195
1701	3201
1701	3404
1701	3611
1701	3615
1701	3620
1701	3698
1701	3935
1701	3957
1702	3211
1703	1704
1710	1753
1710	1767
1710	1804
1710	1840
1710	2158
1710	2451
1711	1712
1711	1822
1712	2311
1712	2494
1712	2672
1715	1848
1715	2328
1716	1848
1717	1718
1718	2560
1723	2044
1723	2100
1723	2313
1724	2311
1725	2311
1726	1806
1726	2816
1726	3639
1727	2802
1728	1840
1728	2158
1728	3171
1730	2029
1730	2311
1733	2266
1734	2175
1734	2220
1734	2263
1736	1862
1736	2024
1742	3450
1743	2311
1743	3172
1744	1942
1744	2236
1744	2311
1744	2358
1747	1926
1748	1749
1748	2139
1752	2878
1753	1840
1753	2158
1753	2204
1753	2209
1753	2839
1754	2854
1755	2255
1756	2725
1757	1994
1757	2159
1758	2674
1761	2236
1761	2387
1762	2166
1763	2445
1765	1813
1767	1804
1767	1840
1767	1885
1767	2158
1767	2331
1770	2696
1774	2201
1776	2228
1776	2330
1776	2445
1776	2496
1776	2582
1776	2604
1776	2640
1776	2656
1776	2663
1776	2976
1776	3535
1776	3711
1777	2407
1780	2308
1782	2331
1784	2009
1785	1786
1785	2713
1786	2289
1786	2783
1787	1896
1787	2303
1788	1789
1792	2300
1793	3264
1794	2198
1795	1882
1795	1910
1795	2300
1796	2184
1797	1882
1797	2102
1797	2145
1797	2149
1797	2161
1797	3276
1799	2226
1803	1804
1804	2228
1804	2374
1805	1901
1805	1940
1805	2207
1805	2517
1806	1941
1806	3094
1806	3191
1810	2311
1813	2162
1813	2227
1813	2389
1813	2408
1813	2457
1813	2644
1813	2818
1813	2871
1813	3015
1813	3117
1813	3462
1813	3767
1816	1924
1817	2895
1818	1819
1818	3612
1821	1971
1821	2165
1821	3483
1823	2400
1823	2891
1824	2303
1824	2967
1829	2203
1831	2408
1832	2311
1833	1834
1835	1836
1838	2293
1838	2331
1840	1947
1840	1981
1840	2062
1840	2158
1840	2300
1840	3307
1841	1842
1844	1895
1844	2151
1844	2519
1846	2072
1848	2569
1849	1850
1849	2316
1850	2450
1850	2572
1850	3307
1853	3974
1854	2311
1860	1861
1860	2387
1863	2311
1864	2177
1864	2248
1864	2328
1865	1866
1865	2374
1865	3304
1866	2300
1869	1871
1870	2535
1873	3035
1873	3435
1874	2023
1874	3512
1881	2326
1882	2102
1882	2145
1882	2149
1882	2161
1882	3276
1884	1915
1885	1981
1885	2156
1885	2204
1885	2467
1890	2496
1892	2303
1893	2018
1894	1940
1895	2151
1896	2255
1902	3330
1903	1904
1907	2495
1908	1909
1911	3879
1912	2197
1913	3072
1915	2374
1915	2671
1916	2311
1917	3517
1920	2416
1921	2311
1921	3094
1922	3683
1923	3051
1928	1929
1928	2693
1928	2907
1932	2213
1932	2311
1932	2374
1932	2414
1932	2458
1932	2509
1932	2578
1932	2640
1932	2780
1932	2800
1932	2810
1932	3091
1932	3273
1932	3311
1932	3331
1932	3390
1932	3529
1932	3577
1932	3735
1932	3835
1932	3963
1933	1934
1933	2167
1933	2191
1933	2348
1933	2393
1933	2832
1933	3121
1933	3343
1934	2167
1934	2191
1934	2227
1934	2261
1934	2300
1934	2348
1934	2393
1934	2439
1934	2493
1934	2504
1934	2544
1934	2611
1934	2832
1934	2888
1934	2955
1934	3159
1934	3177
1934	3343
1934	3434
1934	3560
1934	3663
1934	3765
1937	2582
1939	2010
1940	3301
1941	2020
1943	1944
1943	2728
1947	2062
1947	2158
1947	3307
1948	2037
1948	2568
1948	2981
1948	3183
1948	3349
1948	3574
1948	3962
1951	2109
1951	3738
1952	2148
1953	2303
1953	2311
1953	2506
1953	2634
1953	3013
1953	3015
1953	3516
1954	1955
1954	3695
1955	2331
1956	1957
1956	3973
1958	2203
1958	2492
1960	2374
1961	2200
1962	2148
1962	2314
1963	2061
1963	2438
1963	2848
1964	2882
1965	2045
1967	2122
1968	1969
1971	2028
1971	2165
1971	2598
1971	2942
1972	1973
1973	2303
1975	1976
1975	2000
1976	2186
1976	2225
1976	2237
1976	3977
1976	3990
1977	2374
1978	2311
1978	3147
1979	1980
1980	3828
1981	2156
1981	2158
1981	2204
1981	2467
1981	2979
1982	2173
1983	2236
1984	2595
1986	1987
1986	2108
1988	1989
1988	2097
1990	2595
1991	2578
1991	2871
1991	2958
1992	2076
1993	2009
1994	3010
1997	1998
1997	2311
1997	3667
2000	2346
2000	3198
2002	2311
2004	2156
2004	3723
2005	2006
2007	2412
2007	2937
2009	2105
2009	2814
2012	2013
2012	2539
2012	3285
2013	2300
2014	2015
2017	2018
2018	2300
2018	2303
2018	2343
2018	2361
2018	2624
2018	2687
2018	2802
2018	2964
2018	3021
2018	3186
2018	3320
2018	3477
2018	3499
2018	3732
2018	3924
2019	2193
2019	2591
2019	2742
2019	3094
2019	3145
2019	3351
2021	2282
2021	2283
2024	2529
2026	2374
2027	2331
2027	2557
2028	2313
2030	2408
2030	3784
2031	2408
2031	3260
2032	2213
2032	2990
2034	2303
2037	2038
2037	3094
2038	2110
2040	3684
2041	2400
2041	2636
2041	2752
2041	2910
2041	2980
2041	2997
2041	3004
2041	3152
2041	3252
2041	3385
2041	3448
2041	3452
2041	3488
2042	2043
2042	2674
2044	2100
2047	2048
2047	2365
2047	3012
2047	3100
2048	3012
2048	3100
2049	2300
2049	2699
2050	3574
2051	3675
2052	3175
2053	2442
2053	2756
2053	2823
2054	2178
2054	2185
2054	2311
2054	3770
2057	2331
2060	2311
2062	2158
2062	3139
2062	3294
2062	3307
2062	3751
2064	2528
2065	2407
2068	2069
2068	3636
2069	3636
2070	3249
2074	2374
2078	2079
2080	2803
2080	3451
2082	2311
2085	2086
2087	2975
2089	2728
2090	2303
2091	3936
2093	2847
2102	2145
2102	2149
2102	2602
2102	3276
2104	3714
2105	3022
2107	2374
2107	3026
2107	3376
2110	2266
2110	2384
2111	2112
2111	2311
2113	2313
2113	2348
2114	2311
2117	2118
2117	3797
2119	2297
2119	3984
2120	2910
2120	3190
2123	2300
2124	3562
2127	2925
2128	2311
2128	3752
2132	2389
2132	2497
2132	2823
2132	3193
2132	3384
2133	2134
2137	2138
2137	2572
2137	3685
2138	2344
2138	2374
2138	2836
2140	2141
2140	2168
2140	2195
2141	2168
2141	2195
2141	3726
2144	2174
2145	2161
2145	3276
2146	2147
2146	2184
2146	2280
2148	2311
2149	2161
2149	3276
2151	2519
2153	2795
2154	2155
2154	2240
2154	2272
2155	2331
2155	3281
2156	2204
2156	2979
2157	2747
2158	2300
2158	3307
2160	2171
2160	2335
2162	2163
2162	2180
2162	2407
2162	2408
2162	2442
2163	2180
2164	2202
2166	2428
2167	2191
2167	2261
2167	2504
2168	2195
2168	2918
2169	2170
2170	2300
2170	3056
2171	2335
2172	2232
2172	2233
2177	2212
2177	2248
2177	3997
2178	2185
2179	2890
2180	2185
2180	2442
2180	3262
2180	3812
2181	2182
2181	2219
2181	2251
2182	2219
2182	2251
2183	2184
2183	2633
2185	2208
2185	2303
2185	3831
2186	2225
2186	2237
2186	3977
2186	3990
2188	3059
2188	3386
2188	3914
2189	2190
2191	2348
2191	2504
2191	2611
2191	2955
2191	3159
2191	3343
2191	3434
2191	3560
2191	3765
2191	3795
2192	2415
2193	2591
2193	3145
2193	3351
2195	2231
2195	3986
2195	3993
2196	2374
2197	2229
2197	2973
2197	3250
2201	2213
2201	2331
2201	2480
2201	2728
2204	3289
2205	2236
2206	2674
2212	3997
2214	2215
2214	3259
2217	2218
2217	2244
2218	2244
2218	3949
2222	3556
2223	2224
2224	2300
2225	2237
2225	2311
2225	2374
2225	3977
2225	3990
2227	2266
2227	2373
2227	2408
2227	3979
2228	4004
2229	2973
2230	2231
2230	3985
2230	3992
2232	2233
2234	2374
2235	2236
2235	2813
2236	2320
2236	2336
2236	2355
2236	2387
2236	2447
2236	2667
2236	2775
2236	2789
2236	2859
2236	2956
2236	2966
2236	3014
2236	3139
2236	3195
2236	3216
2236	3785
2236	3823
2237	3977
2237	3990
2238	2239
2238	3092
2241	2943
2246	2247
2247	2902
2249	2250
2254	2504
2254	3159
2256	2257
2258	3371
2259	2623
2262	3489
2264	2265
2266	2267
2266	2366
2266	2430
2266	2874
2273	2274
2273	3167
2273	3667
2275	2276
2278	2279
2282	2283
2289	2313
2289	2608
2290	2570
2292	2293
2295	2296
2296	2326
2297	3511
2298	2299
2299	2633
2300	2301
2300	2324
2300	2341
2300	2396
2300	2399
2300	2411
2300	2601
2300	2618
2300	2701
2300	2727
2300	2905
2300	2920
2300	3003
2300	3009
2300	3075
2300	3128
2300	3201
2300	3206
2300	3469
2300	3505
2300	3562
2300	3681
2300	3699
2300	3764
2300	3876
2300	3903
2300	3964
2303	2304
2303	2314
2303	2379
2303	2411
2303	2418
2303	2439
2303	2462
2303	2547
2303	2583
2303	2586
2303	2603
2303	2612
2303	2824
2303	2830
2303	2865
2303	2900
2303	2916
2303	2960
2303	2980
2303	3023
2303	3078
2303	3092
2303	3104
2303	3114
2303	3119
2303	3134
2303	3239
2303	3258
2303	3299
2303	3318
2303	3349
2303	3359
2303	3413
2303	3468
2303	3510
2303	3596
2303	3598
2303	3605
2303	3693
2303	3748
2303	3794
2303	3804
2303	3814
2303	3819
2303	3882
2303	3910
2303	3919
2305	2306
2307	2308
2307	2311
2308	2321
2308	2331
2308	2442
2309	2310
2311	2312
2311	2323
2311	2328
2311	2329
2311	2334
2311	2366
2311	2369
2311	2380
2311	2385
2311	2389
2311	2391
2311	2393
2311	2397
2311	2404
2311	2407
2311	2428
2311	2432
2311	2437
2311	2468
2311	2472
2311	2473
2311	2480
2311	2492
2311	2495
2311	2507
2311	2511
2311	2513
2311	2524
2311	2526
2311	2546
2311	2565
2311	2571
2311	2584
2311	2599
2311	2616
2311	2623
2311	2646
2311	2663
2311	2673
2311	2687
2311	2698
2311	2705
2311	2716
2311	2723
2311	2735
2311	2740
2311	2756
2311	2776
2311	2777
2311	2784
2311	2809
2311	2822
2311	2824
2311	2838
2311	2841
2311	2842
2311	2864
2311	2894
2311	2915
2311	2937
2311	2954
2311	2962
2311	2965
2311	2974
2311	2984
2311	2985
2311	2988
2311	3009
2311	3023
2311	3024
2311	3031
2311	3043
2311	3046
2311	3049
2311	3058
2311	3061
2311	3088
2311	3102
2311	3108
2311	3113
2311	3116
2311	3118
2311	3127
2311	3134
2311	3153
2311	3156
2311	3191
2311	3193
2311	3237
2311	3246
2311	3253
2311	3254
2311	3255
2311	3312
2311	3336
2311	3343
2311	3357
2311	3366
2311	3368
2311	3377
2311	3405
2311	3420
2311	3469
2311	3475
2311	3479
2311	3490
2311	3521
2311	3530
2311	3533
2311	3539
2311	3542
2311	3553
2311	3572
2311	3593
2311	3616
2311	3617
2311	3622
2311	3624
2311	3638
2311	3642
2311	3655
2311	3662
2311	3671
2311	3675
2311	3702
2311	3727
2311	3753
2311	3793
2311	3834
2311	3860
2311	3881
2311	3884
2312	2728
2313	2394
2313	2566
2313	2853
2313	3327
2313	3472
2313	3487
2313	3519
2313	3895
2314	2799
2314	3077
2317	2318
2319	3111
2321	2322
2321	2377
2321	2453
2326	3733
2328	3943
2329	2330
2330	3190
2331	2332
2331	2421
2331	2433
2331	2444
2331	2452
2331	2459
2331	2468
2331	2489
2331	2507
2331	2522
2331	2551
2331	2559
2331	2621
2331	2723
2331	2749
2331	2834
2331	2909
2331	2913
2331	2952
2331	2967
2331	3043
2331	3110
2331	3120
2331	3180
2331	3187
2331	3209
2331	3238
2331	3335
2331	3488
2331	3500
2331	3523
2331	3600
2331	3661
2331	3712
2331	3720
2331	3855
2331	3861
2331	3946
2332	2992
2332	3129
2332	3525
2333	3008
2333	3668
2338	2339
2340	2341
2340	2729
2346	2347
2346	2492
2346	2862
2346	3261
2347	3103
2350	2351
2350	3411
2354	3414
2357	2358
2357	2374
2357	2384
2358	2660
2359	2360
2359	3190
2362	3837
2363	2364
2363	3732
2366	2552
2366	3899
2367	2405
2367	3286
2367	3995
2368	2369
2368	2407
2370	2742
2374	2375
2374	2400
2374	2417
2374	2426
2374	2427
2374	2463
2374	2483
2374	2512
2374	2518
2374	2521
2374	2532
2374	2600
2374	2639
2374	2668
2374	2675
2374	2702
2374	2706
2374	2711
2374	2747
2374	2771
2374	2790
2374	2794
2374	2797
2374	2800
2374	2820
2374	2826
2374	2827
2374	2837
2374	2862
2374	2873
2374	2929
2374	2937
2374	2945
2374	2974
2374	2989
2374	3011
2374	3033
2374	3053
2374	3060
2374	3109
2374	3124
2374	3137
2374	3180
2374	3196
2374	3208
2374	3243
2374	3279
2374	3299
2374	3320
2374	3345
2374	3352
2374	3354
2374	3371
2374	3457
2374	3462
2374	3463
2374	3634
2374	3637
2374	3749
2374	3781
2374	3788
2374	3961
2374	3965
2381	2382
2382	2420
2382	2992
2383	2384
2384	2664
2384	3629
2388	2389
2388	2423
2388	2786
2389	3322
2389	3507
2390	2391
2393	2780
2395	2396
2395	2607
2395	3406
2398	2399
2401	2761
2403	2404
2403	2795
2403	3306
2404	2674
2407	2493
2407	2982
2407	3201
2407	3643
2407	3685
2407	3737
2407	3745
2407	3757
2408	2503
2408	3007
2408	3096
2408	3247
2408	3259
2408	3363
2408	3489
2409	2410
2409	2949
2409	3387
2412	2474
2412	2475
2419	2890
2422	2423
2422	2525
2423	2475
2428	2795
2434	2435
2436	2964
2436	2993
2439	2465
2440	2441
2442	2457
2442	2496
2447	2448
2448	2520
2449	2450
2450	2550
2450	2572
2452	3542
2454	2455
2455	3315
2459	2460
2461	2770
2462	3013
2469	2470
2470	3724
2471	2521
2471	2575
2471	2595
2471	3855
2474	2475
2476	2477
2481	2482
2482	3389
2483	2484
2485	3871
2486	2495
2487	2488
2489	3967
2491	3982
2493	2558
2493	2720
2493	3870
2494	2542
2496	2680
2498	2755
2500	3644
2504	3178
2510	2511
2510	3098
2515	2638
2515	3614
2517	2635
2517	3314
2517	3958
2518	3927
2520	2643
2520	3087
2522	2523
2522	3476
2527	2606
2527	2823
2528	3900
2529	3740
2530	2694
2531	2532
2532	3579
2533	3761
2534	2535
2536	3136
2536	3534
2540	2541
2540	2982
2542	3136
2547	3158
2549	2550
2550	2572
2553	3189
2554	2555
2556	2647
2558	2559
2558	2782
2558	2799
2558	3350
2558	3744
2561	2562
2562	3657
2563	2564
2564	2594
2564	3467
2566	2567
2566	2672
2568	2714
2569	2732
2572	2678
2576	2577
2582	2624
2582	3869
2584	2585
2584	3923
2587	2863
2587	3319
2591	3145
2593	3548
2595	2697
2595	2811
2595	2827
2595	2912
2595	2977
2595	3115
2595	3263
2595	3438
2595	3552
2595	3623
2595	3718
2596	2597
2599	2882
2600	3013
2604	2605
2606	2896
2607	3337
2608	2743
2609	2610
2609	2751
2613	3886
2614	2615
2614	2843
2614	3735
2621	3810
2623	2911
2623	3581
2624	2728
2625	2626
2625	2965
2627	2628
2630	2631
2634	3192
2636	3030
2641	2642
2645	2795
2645	3528
2648	2649
2648	2795
2648	3234
2652	3594
2653	2654
2654	3721
2657	3003
2658	2659
2658	3149
2659	3149
2661	2662
2665	2666
2666	2796
2667	3576
2668	2669
2673	3801
2674	2694
2674	2814
2674	2886
2674	3055
2674	3528
2674	3613
2674	3742
2674	3889
2675	3864
2681	2682
2683	2684
2683	3388
2685	2851
2687	3754
2689	2690
2693	3482
2694	2707
2694	3073
2694	3103
2694	3215
2695	2920
2698	2699
2699	2986
2704	2705
2708	2709
2712	2719
2713	3008
2716	3656
2717	2718
2720	3048
2720	3908
2726	2727
2728	2776
2728	2875
2728	3093
2728	3140
2728	3367
2728	3415
2728	3462
2728	3566
2728	3640
2730	2731
2736	3453
2737	2738
2739	2740
2743	3027
2744	2745
2747	2748
2749	3570
2756	2823
2756	2857
2757	2890
2763	2764
2763	3650
2766	2767
2768	2769
2771	2772
2772	2964
2773	2774
2778	2779
2781	3444
2787	2788
2793	3309
2795	2831
2795	3042
2795	3272
2795	3672
2800	3081
2800	3471
2801	3125
2805	2806
2808	2809
2808	2975
2808	3184
2812	2813
2812	3608
2814	2984
2819	2820
2820	2896
2820	3614
2826	2962
2829	3068
2839	3075
2846	2847
2849	2850
2851	3446
2853	2860
2854	4002
2855	2856
2857	3091
2858	2859
2864	3500
2864	3701
2866	2867
2866	3736
2868	3034
2869	2870
2869	3012
2869	3148
2870	3498
2871	3969
2876	3174
2880	2881
2885	3108
2897	2898
2900	3520
2918	2919
2918	3646
2922	3929
2923	2924
2925	3080
2928	3340
2928	3522
2929	3407
2931	3122
2934	3341
2934	3791
2936	2937
2940	3777
2946	2947
2946	3764
2950	3218
2952	2953
2952	3026
2960	3956
2971	2972
2978	2992
2979	3189
2979	3429
2980	3104
2986	2987
2986	3407
2995	2996
2998	2999
2999	3361
3000	3001
3004	3005
3005	4001
3008	3217
3009	3010
3010	3953
3012	3506
3014	3317
3016	3017
3023	3198
3025	3729
3036	3037
3038	3039
3044	3199
3044	3373
3047	3518
3051	3338
3054	3135
3056	3892
3057	3058
3065	3066
3075	3383
3075	3756
3079	3080
3083	3345
3083	3470
3085	3086
3089	3090
3094	3218
3094	3368
3103	3673
3104	3105
3106	3107
3109	3827
3114	3692
3119	3120
3119	3456
3122	3278
3140	3849
3141	3142
3141	3595
3145	3351
3150	3151
3154	3213
3160	3161
3162	3163
3164	3165
3167	3168
3171	3290
3174	3389
3178	3179
3185	3313
3187	3362
3190	3633
3190	3711
3192	3688
3206	3966
3212	3710
3216	3256
3219	3220
3225	3226
3228	3229
3228	3648
3230	3231
3233	3599
3234	3863
3240	3241
3240	3840
3244	3245
3246	3585
3246	3872
3248	3249
3251	3252
3257	3258
3261	3262
3265	3898
3266	3267
3268	3269
3282	3283
3282	3674
3282	3729
3295	3296
3297	3751
3298	3299
3299	3959
3302	3303
3302	3960
3316	3317
3317	3577
3325	3326
3328	3329
3334	3335
3335	3975
3349	3759
3353	3354
3357	3825
3377	3417
3380	3381
3393	3394
3396	3397
3400	3401
3402	3403
3403	3686
3427	3428
3444	3445
3458	3459
3473	3474
3484	3485
3488	3809
3496	3497
3497	3578
3513	3514
3514	3774
3535	3660
3538	3866
3543	3544
3545	3546
3550	3894
3562	3983
3569	3671
3574	3575
3576	3719
3582	3583
3586	3587
3589	3590
3591	3592
3609	3610
3630	3631
3641	3642
3665	3666
3669	3670
3679	3680
3686	3978
3695	3934
3696	3697
3703	3704
3707	3708
3709	3746
3715	3716
3733	3734
3736	3776
3758	3759
3759	3878
3778	3779
3795	3796
3795	3941
3799	3942
3805	3806
3821	3822
3838	3839
3850	3851
3885	3896
3904	3905
3916	3917
3921	3922
3927	3928
3937	3938
3939	3940
3970	3971
3979	3996
3985	3987
4005	4006
